   1    1  0.9990
   1   16  1.0000
   1   31  1.0000
   1   46  1.0000
   1   61  1.0000
   1   76  1.0000
   1   91  1.0000
   1  106  1.0000
   1  121  1.0000
   1  136  1.0000
   1  151  1.0000
   1  166  1.0000
   1  181  1.0000
   1  196  1.0000
   1  211  0.9990
   2    2  1.0012
   2   17  1.0022
   2   32  1.0022
   2   47  1.0022
   2   62  1.0022
   2   77  1.0022
   2   92  1.0022
   2  107  0.5011
   2  106  0.5011
   2  121  1.0022
   2  136  1.0022
   2  151  1.0022
   2  166  1.0022
   2  181  1.0022
   2  196  1.0022
   2  211  1.0012
   3    3  1.0078
   3   18  1.0089
   3   33  1.0089
   3   48  0.7571
   3   47  0.2517
   3   62  1.0089
   3   77  1.0089
   3   92  1.0089
   3  107  1.0089
   3  122  1.0089
   3  137  1.0089
   3  152  1.0089
   3  167  0.2517
   3  166  0.7571
   3  181  1.0089
   3  196  1.0089
   3  211  1.0078
   4    4  1.0188
   4   19  1.0198
   4   34  0.5106
   4   33  0.5092
   4   48  1.0198
   4   63  1.0198
   4   78  1.0198
   4   93  1.0198
   4  108  0.5099
   4  107  0.5099
   4  122  1.0198
   4  137  1.0198
   4  152  1.0198
   4  167  1.0198
   4  182  0.5092
   4  181  0.5106
   4  196  1.0198
   4  211  1.0188
   5    5  1.0339
   5   20  0.9064
   5   19  0.1286
   5   34  1.0350
   5   49  1.0350
   5   64  1.0350
   5   79  0.6471
   5   78  0.3878
   5   93  1.0350
   5  108  1.0350
   5  123  1.0350
   5  138  0.3878
   5  137  0.6471
   5  152  1.0350
   5  167  1.0350
   5  182  1.0350
   5  197  0.1286
   5  196  0.9064
   5  211  1.0339
   6    6  1.0531
   6   21  0.5279
   6   20  0.5262
   6   35  1.0541
   6   50  1.0541
   6   65  0.5275
   6   64  0.5266
   6   79  1.0541
   6   94  1.0541
   6  109  0.5271
   6  108  0.5271
   6  123  1.0541
   6  138  1.0541
   6  153  0.5266
   6  152  0.5275
   6  167  1.0541
   6  182  1.0541
   6  197  0.5262
   6  196  0.5279
   6  211  1.0531
   7    7  1.0760
   7   22  0.2702
   7   21  0.8069
   7   36  1.0771
   7   51  0.8083
   7   50  0.2687
   7   65  1.0771
   7   80  1.0771
   7   95  0.2694
   7   94  0.8076
   7  109  1.0771
   7  124  0.8076
   7  123  0.2694
   7  138  1.0771
   7  153  1.0771
   7  168  0.2687
   7  167  0.8083
   7  182  1.0771
   7  197  0.8069
   7  196  0.2702
   7  211  1.0760
   8    8  1.1025
   8   23  0.0798
   8   22  1.0238
   8   37  1.1036
   8   52  0.2371
   8   51  0.8664
   8   66  1.1036
   8   81  0.3944
   8   80  0.7091
   8   95  1.1036
   8  110  0.5518
   8  109  0.5518
   8  124  1.1036
   8  139  0.7091
   8  138  0.3944
   8  153  1.1036
   8  168  0.8664
   8  167  0.2371
   8  182  1.1036
   8  197  1.0238
   8  196  0.0798
   8  211  1.1025
   9    9  1.0624
   9    8  0.0698
   9   23  1.1334
   9   38  0.9216
   9   37  0.2118
   9   52  1.1334
   9   67  0.7796
   9   66  0.3538
   9   81  1.1334
   9   96  0.6377
   9   95  0.4957
   9  110  1.1334
   9  125  0.4957
   9  124  0.6377
   9  139  1.1334
   9  154  0.3538
   9  153  0.7796
   9  168  1.1334
   9  183  0.2118
   9  182  0.9216
   9  197  1.1334
   9  212  0.0698
   9  211  1.0624
  10   10  0.9717
  10    9  0.1933
  10   24  1.1662
  10   39  0.5839
  10   38  0.5823
  10   53  1.1662
  10   68  0.1949
  10   67  0.9713
  10   82  0.9721
  10   81  0.1941
  10   96  1.1662
  10  111  0.5831
  10  110  0.5831
  10  125  1.1662
  10  140  0.1941
  10  139  0.9721
  10  154  0.9713
  10  153  0.1949
  10  168  1.1662
  10  183  0.5823
  10  182  0.5839
  10  197  1.1662
  10  212  0.1933
  10  211  0.9717
  11   11  0.9013
  11   10  0.2994
  11   25  1.2019
  11   40  0.3013
  11   39  0.9006
  11   54  0.9020
  11   53  0.2999
  11   68  1.2019
  11   83  0.3008
  11   82  0.9011
  11   97  0.9015
  11   96  0.3004
  11  111  1.2019
  11  126  0.3004
  11  125  0.9015
  11  140  0.9011
  11  139  0.3008
  11  154  1.2019
  11  169  0.2999
  11  168  0.9020
  11  183  0.9006
  11  182  0.3013
  11  197  1.2019
  11  212  0.2994
  11  211  0.9013
  12   12  0.8454
  12   11  0.3935
  12   26  1.2401
  12   41  0.0573
  12   40  1.1829
  12   55  0.5080
  12   54  0.7321
  12   69  0.9587
  12   68  0.2814
  12   83  1.2401
  12   98  0.1693
  12   97  1.0708
  12  112  0.6201
  12  111  0.6201
  12  126  1.0708
  12  125  0.1693
  12  140  1.2401
  12  155  0.2814
  12  154  0.9587
  12  169  0.7321
  12  168  0.5080
  12  183  1.1829
  12  182  0.0573
  12  197  1.2401
  12  212  0.3935
  12  211  0.8454
  13   13  0.8003
  13   12  0.4791
  13   27  1.1216
  13   26  0.1591
  13   41  1.2807
  13   56  0.1608
  13   55  1.1199
  13   70  0.4808
  13   69  0.7999
  13   84  0.8008
  13   83  0.4799
  13   98  1.1207
  13   97  0.1600
  13  112  1.2807
  13  127  0.1600
  13  126  1.1207
  13  141  0.4799
  13  140  0.8008
  13  155  0.7999
  13  154  0.4808
  13  169  1.1199
  13  168  0.1608
  13  183  1.2807
  13  198  0.1591
  13  197  1.1216
  13  212  0.4791
  13  211  0.8003
  14   14  0.7634
  14   13  0.5587
  14   28  0.9681
  14   27  0.3553
  14   42  1.1715
  14   41  0.1519
  14   56  1.3234
  14   71  0.0515
  14   70  1.2719
  14   85  0.2549
  14   84  1.0685
  14   99  0.4583
  14   98  0.8651
  14  113  0.6617
  14  112  0.6617
  14  127  0.8651
  14  126  0.4583
  14  141  1.0685
  14  140  0.2549
  14  155  1.2719
  14  154  0.0515
  14  169  1.3234
  14  184  0.1519
  14  183  1.1715
  14  198  0.3553
  14  197  0.9681
  14  212  0.5587
  14  211  0.7634
  15   15  0.7327
  15   14  0.6339
  15   29  0.8316
  15   28  0.5363
  15   43  0.9291
  15   42  0.4388
  15   57  1.0267
  15   56  0.3413
  15   71  1.1242
  15   70  0.2438
  15   85  1.2217
  15   84  0.1463
  15   99  1.3192
  15   98  0.0488
  15  113  1.3680
  15  128  0.0488
  15  127  1.3192
  15  142  0.1463
  15  141  1.2217
  15  156  0.2438
  15  155  1.1242
  15  170  0.3413
  15  169  1.0267
  15  184  0.4388
  15  183  0.9291
  15  198  0.5363
  15  197  0.8316
  15  212  0.6339
  15  211  0.7327
  16    1  1.0012
  16   16  1.0022
  16   31  1.0022
  16   46  1.0022
  16   61  1.0022
  16   76  1.0022
  16   91  1.0022
  16  106  0.5011
  16  107  0.5011
  16  122  1.0022
  16  137  1.0022
  16  152  1.0022
  16  167  1.0022
  16  182  1.0022
  16  197  1.0022
  16  212  1.0012
  17    2  0.9990
  17   17  1.0000
  17   32  1.0000
  17   47  1.0000
  17   62  1.0000
  17   77  1.0000
  17   92  1.0000
  17  107  1.0000
  17  122  1.0000
  17  137  1.0000
  17  152  1.0000
  17  167  1.0000
  17  182  1.0000
  17  197  1.0000
  17  212  0.9990
  18    3  1.0012
  18   18  1.0022
  18   33  1.0022
  18   48  1.0022
  18   63  1.0022
  18   78  1.0022
  18   93  1.0022
  18  108  0.5011
  18  107  0.5011
  18  122  1.0022
  18  137  1.0022
  18  152  1.0022
  18  167  1.0022
  18  182  1.0022
  18  197  1.0022
  18  212  1.0012
  19    4  1.0078
  19   19  1.0089
  19   34  1.0089
  19   49  0.7571
  19   48  0.2517
  19   63  1.0089
  19   78  1.0089
  19   93  1.0089
  19  108  1.0089
  19  123  1.0089
  19  138  1.0089
  19  153  1.0089
  19  168  0.2517
  19  167  0.7571
  19  182  1.0089
  19  197  1.0089
  19  212  1.0078
  20    5  1.0188
  20   20  1.0198
  20   35  0.5106
  20   34  0.5092
  20   49  1.0198
  20   64  1.0198
  20   79  1.0198
  20   94  1.0198
  20  109  0.5099
  20  108  0.5099
  20  123  1.0198
  20  138  1.0198
  20  153  1.0198
  20  168  1.0198
  20  183  0.5092
  20  182  0.5106
  20  197  1.0198
  20  212  1.0188
  21    6  1.0339
  21   21  0.9064
  21   20  0.1286
  21   35  1.0350
  21   50  1.0350
  21   65  1.0350
  21   80  0.6471
  21   79  0.3878
  21   94  1.0350
  21  109  1.0350
  21  124  1.0350
  21  139  0.3878
  21  138  0.6471
  21  153  1.0350
  21  168  1.0350
  21  183  1.0350
  21  198  0.1286
  21  197  0.9064
  21  212  1.0339
  22    7  1.0531
  22   22  0.5279
  22   21  0.5262
  22   36  1.0541
  22   51  1.0541
  22   66  0.5275
  22   65  0.5266
  22   80  1.0541
  22   95  1.0541
  22  110  0.5271
  22  109  0.5271
  22  124  1.0541
  22  139  1.0541
  22  154  0.5266
  22  153  0.5275
  22  168  1.0541
  22  183  1.0541
  22  198  0.5262
  22  197  0.5279
  22  212  1.0531
  23    8  1.0760
  23   23  0.2702
  23   22  0.8069
  23   37  1.0771
  23   52  0.8083
  23   51  0.2687
  23   66  1.0771
  23   81  1.0771
  23   96  0.2694
  23   95  0.8076
  23  110  1.0771
  23  125  0.8076
  23  124  0.2694
  23  139  1.0771
  23  154  1.0771
  23  169  0.2687
  23  168  0.8083
  23  183  1.0771
  23  198  0.8069
  23  197  0.2702
  23  212  1.0760
  24    9  1.1025
  24   24  0.0798
  24   23  1.0238
  24   38  1.1036
  24   53  0.2371
  24   52  0.8664
  24   67  1.1036
  24   82  0.3944
  24   81  0.7091
  24   96  1.1036
  24  111  0.5518
  24  110  0.5518
  24  125  1.1036
  24  140  0.7091
  24  139  0.3944
  24  154  1.1036
  24  169  0.8664
  24  168  0.2371
  24  183  1.1036
  24  198  1.0238
  24  197  0.0798
  24  212  1.1025
  25   10  1.0624
  25    9  0.0698
  25   24  1.1334
  25   39  0.9216
  25   38  0.2118
  25   53  1.1334
  25   68  0.7796
  25   67  0.3538
  25   82  1.1334
  25   97  0.6377
  25   96  0.4957
  25  111  1.1334
  25  126  0.4957
  25  125  0.6377
  25  140  1.1334
  25  155  0.3538
  25  154  0.7796
  25  169  1.1334
  25  184  0.2118
  25  183  0.9216
  25  198  1.1334
  25  213  0.0698
  25  212  1.0624
  26   11  0.9717
  26   10  0.1933
  26   25  1.1662
  26   40  0.5839
  26   39  0.5823
  26   54  1.1662
  26   69  0.1949
  26   68  0.9713
  26   83  0.9721
  26   82  0.1941
  26   97  1.1662
  26  112  0.5831
  26  111  0.5831
  26  126  1.1662
  26  141  0.1941
  26  140  0.9721
  26  155  0.9713
  26  154  0.1949
  26  169  1.1662
  26  184  0.5823
  26  183  0.5839
  26  198  1.1662
  26  213  0.1933
  26  212  0.9717
  27   12  0.9013
  27   11  0.2994
  27   26  1.2019
  27   41  0.3013
  27   40  0.9006
  27   55  0.9020
  27   54  0.2999
  27   69  1.2019
  27   84  0.3008
  27   83  0.9011
  27   98  0.9015
  27   97  0.3004
  27  112  1.2019
  27  127  0.3004
  27  126  0.9015
  27  141  0.9011
  27  140  0.3008
  27  155  1.2019
  27  170  0.2999
  27  169  0.9020
  27  184  0.9006
  27  183  0.3013
  27  198  1.2019
  27  213  0.2994
  27  212  0.9013
  28   13  0.8454
  28   12  0.3935
  28   27  1.2401
  28   42  0.0573
  28   41  1.1829
  28   56  0.5080
  28   55  0.7321
  28   70  0.9587
  28   69  0.2814
  28   84  1.2401
  28   99  0.1693
  28   98  1.0708
  28  113  0.6201
  28  112  0.6201
  28  127  1.0708
  28  126  0.1693
  28  141  1.2401
  28  156  0.2814
  28  155  0.9587
  28  170  0.7321
  28  169  0.5080
  28  184  1.1829
  28  183  0.0573
  28  198  1.2401
  28  213  0.3935
  28  212  0.8454
  29   14  0.8003
  29   13  0.4791
  29   28  1.1216
  29   27  0.1591
  29   42  1.2807
  29   57  0.1608
  29   56  1.1199
  29   71  0.4808
  29   70  0.7999
  29   85  0.8008
  29   84  0.4799
  29   99  1.1207
  29   98  0.1600
  29  113  1.2807
  29  128  0.1600
  29  127  1.1207
  29  142  0.4799
  29  141  0.8008
  29  156  0.7999
  29  155  0.4808
  29  170  1.1199
  29  169  0.1608
  29  184  1.2807
  29  199  0.1591
  29  198  1.1216
  29  213  0.4791
  29  212  0.8003
  30   15  0.7634
  30   14  0.5587
  30   29  0.9681
  30   28  0.3553
  30   43  1.1715
  30   42  0.1519
  30   57  1.3234
  30   72  0.0515
  30   71  1.2719
  30   86  0.2549
  30   85  1.0685
  30  100  0.4583
  30   99  0.8651
  30  114  0.6617
  30  113  0.6617
  30  128  0.8651
  30  127  0.4583
  30  142  1.0685
  30  141  0.2549
  30  156  1.2719
  30  155  0.0515
  30  170  1.3234
  30  185  0.1519
  30  184  1.1715
  30  199  0.3553
  30  198  0.9681
  30  213  0.5587
  30  212  0.7634
  31    1  1.0078
  31   16  1.0089
  31   31  1.0089
  31   46  0.7571
  31   47  0.2517
  31   62  1.0089
  31   77  1.0089
  31   92  1.0089
  31  107  1.0089
  31  122  1.0089
  31  137  1.0089
  31  152  1.0089
  31  167  0.2517
  31  168  0.7571
  31  183  1.0089
  31  198  1.0089
  31  213  1.0078
  32    2  1.0012
  32   17  1.0022
  32   32  1.0022
  32   47  1.0022
  32   62  1.0022
  32   77  1.0022
  32   92  1.0022
  32  107  0.5011
  32  108  0.5011
  32  123  1.0022
  32  138  1.0022
  32  153  1.0022
  32  168  1.0022
  32  183  1.0022
  32  198  1.0022
  32  213  1.0012
  33    3  0.9990
  33   18  1.0000
  33   33  1.0000
  33   48  1.0000
  33   63  1.0000
  33   78  1.0000
  33   93  1.0000
  33  108  1.0000
  33  123  1.0000
  33  138  1.0000
  33  153  1.0000
  33  168  1.0000
  33  183  1.0000
  33  198  1.0000
  33  213  0.9990
  34    4  1.0012
  34   19  1.0022
  34   34  1.0022
  34   49  1.0022
  34   64  1.0022
  34   79  1.0022
  34   94  1.0022
  34  109  0.5011
  34  108  0.5011
  34  123  1.0022
  34  138  1.0022
  34  153  1.0022
  34  168  1.0022
  34  183  1.0022
  34  198  1.0022
  34  213  1.0012
  35    5  1.0078
  35   20  1.0089
  35   35  1.0089
  35   50  0.7571
  35   49  0.2517
  35   64  1.0089
  35   79  1.0089
  35   94  1.0089
  35  109  1.0089
  35  124  1.0089
  35  139  1.0089
  35  154  1.0089
  35  169  0.2517
  35  168  0.7571
  35  183  1.0089
  35  198  1.0089
  35  213  1.0078
  36    6  1.0188
  36   21  1.0198
  36   36  0.5106
  36   35  0.5092
  36   50  1.0198
  36   65  1.0198
  36   80  1.0198
  36   95  1.0198
  36  110  0.5099
  36  109  0.5099
  36  124  1.0198
  36  139  1.0198
  36  154  1.0198
  36  169  1.0198
  36  184  0.5092
  36  183  0.5106
  36  198  1.0198
  36  213  1.0188
  37    7  1.0339
  37   22  0.9064
  37   21  0.1286
  37   36  1.0350
  37   51  1.0350
  37   66  1.0350
  37   81  0.6471
  37   80  0.3878
  37   95  1.0350
  37  110  1.0350
  37  125  1.0350
  37  140  0.3878
  37  139  0.6471
  37  154  1.0350
  37  169  1.0350
  37  184  1.0350
  37  199  0.1286
  37  198  0.9064
  37  213  1.0339
  38    8  1.0531
  38   23  0.5279
  38   22  0.5262
  38   37  1.0541
  38   52  1.0541
  38   67  0.5275
  38   66  0.5266
  38   81  1.0541
  38   96  1.0541
  38  111  0.5271
  38  110  0.5271
  38  125  1.0541
  38  140  1.0541
  38  155  0.5266
  38  154  0.5275
  38  169  1.0541
  38  184  1.0541
  38  199  0.5262
  38  198  0.5279
  38  213  1.0531
  39    9  1.0760
  39   24  0.2702
  39   23  0.8069
  39   38  1.0771
  39   53  0.8083
  39   52  0.2687
  39   67  1.0771
  39   82  1.0771
  39   97  0.2694
  39   96  0.8076
  39  111  1.0771
  39  126  0.8076
  39  125  0.2694
  39  140  1.0771
  39  155  1.0771
  39  170  0.2687
  39  169  0.8083
  39  184  1.0771
  39  199  0.8069
  39  198  0.2702
  39  213  1.0760
  40   10  1.1025
  40   25  0.0798
  40   24  1.0238
  40   39  1.1036
  40   54  0.2371
  40   53  0.8664
  40   68  1.1036
  40   83  0.3944
  40   82  0.7091
  40   97  1.1036
  40  112  0.5518
  40  111  0.5518
  40  126  1.1036
  40  141  0.7091
  40  140  0.3944
  40  155  1.1036
  40  170  0.8664
  40  169  0.2371
  40  184  1.1036
  40  199  1.0238
  40  198  0.0798
  40  213  1.1025
  41   11  1.0624
  41   10  0.0698
  41   25  1.1334
  41   40  0.9216
  41   39  0.2118
  41   54  1.1334
  41   69  0.7796
  41   68  0.3538
  41   83  1.1334
  41   98  0.6377
  41   97  0.4957
  41  112  1.1334
  41  127  0.4957
  41  126  0.6377
  41  141  1.1334
  41  156  0.3538
  41  155  0.7796
  41  170  1.1334
  41  185  0.2118
  41  184  0.9216
  41  199  1.1334
  41  214  0.0698
  41  213  1.0624
  42   12  0.9717
  42   11  0.1933
  42   26  1.1662
  42   41  0.5839
  42   40  0.5823
  42   55  1.1662
  42   70  0.1949
  42   69  0.9713
  42   84  0.9721
  42   83  0.1941
  42   98  1.1662
  42  113  0.5831
  42  112  0.5831
  42  127  1.1662
  42  142  0.1941
  42  141  0.9721
  42  156  0.9713
  42  155  0.1949
  42  170  1.1662
  42  185  0.5823
  42  184  0.5839
  42  199  1.1662
  42  214  0.1933
  42  213  0.9717
  43   13  0.9013
  43   12  0.2994
  43   27  1.2019
  43   42  0.3013
  43   41  0.9006
  43   56  0.9020
  43   55  0.2999
  43   70  1.2019
  43   85  0.3008
  43   84  0.9011
  43   99  0.9015
  43   98  0.3004
  43  113  1.2019
  43  128  0.3004
  43  127  0.9015
  43  142  0.9011
  43  141  0.3008
  43  156  1.2019
  43  171  0.2999
  43  170  0.9020
  43  185  0.9006
  43  184  0.3013
  43  199  1.2019
  43  214  0.2994
  43  213  0.9013
  44   14  0.8454
  44   13  0.3935
  44   28  1.2401
  44   43  0.0573
  44   42  1.1829
  44   57  0.5080
  44   56  0.7321
  44   71  0.9587
  44   70  0.2814
  44   85  1.2401
  44  100  0.1693
  44   99  1.0708
  44  114  0.6201
  44  113  0.6201
  44  128  1.0708
  44  127  0.1693
  44  142  1.2401
  44  157  0.2814
  44  156  0.9587
  44  171  0.7321
  44  170  0.5080
  44  185  1.1829
  44  184  0.0573
  44  199  1.2401
  44  214  0.3935
  44  213  0.8454
  45   15  0.8003
  45   14  0.4791
  45   29  1.1216
  45   28  0.1591
  45   43  1.2807
  45   58  0.1608
  45   57  1.1199
  45   72  0.4808
  45   71  0.7999
  45   86  0.8008
  45   85  0.4799
  45  100  1.1207
  45   99  0.1600
  45  114  1.2807
  45  129  0.1600
  45  128  1.1207
  45  143  0.4799
  45  142  0.8008
  45  157  0.7999
  45  156  0.4808
  45  171  1.1199
  45  170  0.1608
  45  185  1.2807
  45  200  0.1591
  45  199  1.1216
  45  214  0.4791
  45  213  0.8003
  46    1  1.0188
  46   16  1.0198
  46   31  0.5106
  46   32  0.5092
  46   47  1.0198
  46   62  1.0198
  46   77  1.0198
  46   92  1.0198
  46  107  0.5099
  46  108  0.5099
  46  123  1.0198
  46  138  1.0198
  46  153  1.0198
  46  168  1.0198
  46  183  0.5092
  46  184  0.5106
  46  199  1.0198
  46  214  1.0188
  47    2  1.0078
  47   17  1.0089
  47   32  1.0089
  47   47  0.7571
  47   48  0.2517
  47   63  1.0089
  47   78  1.0089
  47   93  1.0089
  47  108  1.0089
  47  123  1.0089
  47  138  1.0089
  47  153  1.0089
  47  168  0.2517
  47  169  0.7571
  47  184  1.0089
  47  199  1.0089
  47  214  1.0078
  48    3  1.0012
  48   18  1.0022
  48   33  1.0022
  48   48  1.0022
  48   63  1.0022
  48   78  1.0022
  48   93  1.0022
  48  108  0.5011
  48  109  0.5011
  48  124  1.0022
  48  139  1.0022
  48  154  1.0022
  48  169  1.0022
  48  184  1.0022
  48  199  1.0022
  48  214  1.0012
  49    4  0.9990
  49   19  1.0000
  49   34  1.0000
  49   49  1.0000
  49   64  1.0000
  49   79  1.0000
  49   94  1.0000
  49  109  1.0000
  49  124  1.0000
  49  139  1.0000
  49  154  1.0000
  49  169  1.0000
  49  184  1.0000
  49  199  1.0000
  49  214  0.9990
  50    5  1.0012
  50   20  1.0022
  50   35  1.0022
  50   50  1.0022
  50   65  1.0022
  50   80  1.0022
  50   95  1.0022
  50  110  0.5011
  50  109  0.5011
  50  124  1.0022
  50  139  1.0022
  50  154  1.0022
  50  169  1.0022
  50  184  1.0022
  50  199  1.0022
  50  214  1.0012
  51    6  1.0078
  51   21  1.0089
  51   36  1.0089
  51   51  0.7571
  51   50  0.2517
  51   65  1.0089
  51   80  1.0089
  51   95  1.0089
  51  110  1.0089
  51  125  1.0089
  51  140  1.0089
  51  155  1.0089
  51  170  0.2517
  51  169  0.7571
  51  184  1.0089
  51  199  1.0089
  51  214  1.0078
  52    7  1.0188
  52   22  1.0198
  52   37  0.5106
  52   36  0.5092
  52   51  1.0198
  52   66  1.0198
  52   81  1.0198
  52   96  1.0198
  52  111  0.5099
  52  110  0.5099
  52  125  1.0198
  52  140  1.0198
  52  155  1.0198
  52  170  1.0198
  52  185  0.5092
  52  184  0.5106
  52  199  1.0198
  52  214  1.0188
  53    8  1.0339
  53   23  0.9064
  53   22  0.1286
  53   37  1.0350
  53   52  1.0350
  53   67  1.0350
  53   82  0.6471
  53   81  0.3878
  53   96  1.0350
  53  111  1.0350
  53  126  1.0350
  53  141  0.3878
  53  140  0.6471
  53  155  1.0350
  53  170  1.0350
  53  185  1.0350
  53  200  0.1286
  53  199  0.9064
  53  214  1.0339
  54    9  1.0531
  54   24  0.5279
  54   23  0.5262
  54   38  1.0541
  54   53  1.0541
  54   68  0.5275
  54   67  0.5266
  54   82  1.0541
  54   97  1.0541
  54  112  0.5271
  54  111  0.5271
  54  126  1.0541
  54  141  1.0541
  54  156  0.5266
  54  155  0.5275
  54  170  1.0541
  54  185  1.0541
  54  200  0.5262
  54  199  0.5279
  54  214  1.0531
  55   10  1.0760
  55   25  0.2702
  55   24  0.8069
  55   39  1.0771
  55   54  0.8083
  55   53  0.2687
  55   68  1.0771
  55   83  1.0771
  55   98  0.2694
  55   97  0.8076
  55  112  1.0771
  55  127  0.8076
  55  126  0.2694
  55  141  1.0771
  55  156  1.0771
  55  171  0.2687
  55  170  0.8083
  55  185  1.0771
  55  200  0.8069
  55  199  0.2702
  55  214  1.0760
  56   11  1.1025
  56   26  0.0798
  56   25  1.0238
  56   40  1.1036
  56   55  0.2371
  56   54  0.8664
  56   69  1.1036
  56   84  0.3944
  56   83  0.7091
  56   98  1.1036
  56  113  0.5518
  56  112  0.5518
  56  127  1.1036
  56  142  0.7091
  56  141  0.3944
  56  156  1.1036
  56  171  0.8664
  56  170  0.2371
  56  185  1.1036
  56  200  1.0238
  56  199  0.0798
  56  214  1.1025
  57   12  1.0624
  57   11  0.0698
  57   26  1.1334
  57   41  0.9216
  57   40  0.2118
  57   55  1.1334
  57   70  0.7796
  57   69  0.3538
  57   84  1.1334
  57   99  0.6377
  57   98  0.4957
  57  113  1.1334
  57  128  0.4957
  57  127  0.6377
  57  142  1.1334
  57  157  0.3538
  57  156  0.7796
  57  171  1.1334
  57  186  0.2118
  57  185  0.9216
  57  200  1.1334
  57  215  0.0698
  57  214  1.0624
  58   13  0.9717
  58   12  0.1933
  58   27  1.1662
  58   42  0.5839
  58   41  0.5823
  58   56  1.1662
  58   71  0.1949
  58   70  0.9713
  58   85  0.9721
  58   84  0.1941
  58   99  1.1662
  58  114  0.5831
  58  113  0.5831
  58  128  1.1662
  58  143  0.1941
  58  142  0.9721
  58  157  0.9713
  58  156  0.1949
  58  171  1.1662
  58  186  0.5823
  58  185  0.5839
  58  200  1.1662
  58  215  0.1933
  58  214  0.9717
  59   14  0.9013
  59   13  0.2994
  59   28  1.2019
  59   43  0.3013
  59   42  0.9006
  59   57  0.9020
  59   56  0.2999
  59   71  1.2019
  59   86  0.3008
  59   85  0.9011
  59  100  0.9015
  59   99  0.3004
  59  114  1.2019
  59  129  0.3004
  59  128  0.9015
  59  143  0.9011
  59  142  0.3008
  59  157  1.2019
  59  172  0.2999
  59  171  0.9020
  59  186  0.9006
  59  185  0.3013
  59  200  1.2019
  59  215  0.2994
  59  214  0.9013
  60   15  0.8454
  60   14  0.3935
  60   29  1.2401
  60   44  0.0573
  60   43  1.1829
  60   58  0.5080
  60   57  0.7321
  60   72  0.9587
  60   71  0.2814
  60   86  1.2401
  60  101  0.1693
  60  100  1.0708
  60  115  0.6201
  60  114  0.6201
  60  129  1.0708
  60  128  0.1693
  60  143  1.2401
  60  158  0.2814
  60  157  0.9587
  60  172  0.7321
  60  171  0.5080
  60  186  1.1829
  60  185  0.0573
  60  200  1.2401
  60  215  0.3935
  60  214  0.8454
  61    1  1.0339
  61   16  0.9064
  61   17  0.1286
  61   32  1.0350
  61   47  1.0350
  61   62  1.0350
  61   77  0.6471
  61   78  0.3878
  61   93  1.0350
  61  108  1.0350
  61  123  1.0350
  61  138  0.3878
  61  139  0.6471
  61  154  1.0350
  61  169  1.0350
  61  184  1.0350
  61  199  0.1286
  61  200  0.9064
  61  215  1.0339
  62    2  1.0188
  62   17  1.0198
  62   32  0.5106
  62   33  0.5092
  62   48  1.0198
  62   63  1.0198
  62   78  1.0198
  62   93  1.0198
  62  108  0.5099
  62  109  0.5099
  62  124  1.0198
  62  139  1.0198
  62  154  1.0198
  62  169  1.0198
  62  184  0.5092
  62  185  0.5106
  62  200  1.0198
  62  215  1.0188
  63    3  1.0078
  63   18  1.0089
  63   33  1.0089
  63   48  0.7571
  63   49  0.2517
  63   64  1.0089
  63   79  1.0089
  63   94  1.0089
  63  109  1.0089
  63  124  1.0089
  63  139  1.0089
  63  154  1.0089
  63  169  0.2517
  63  170  0.7571
  63  185  1.0089
  63  200  1.0089
  63  215  1.0078
  64    4  1.0012
  64   19  1.0022
  64   34  1.0022
  64   49  1.0022
  64   64  1.0022
  64   79  1.0022
  64   94  1.0022
  64  109  0.5011
  64  110  0.5011
  64  125  1.0022
  64  140  1.0022
  64  155  1.0022
  64  170  1.0022
  64  185  1.0022
  64  200  1.0022
  64  215  1.0012
  65    5  0.9990
  65   20  1.0000
  65   35  1.0000
  65   50  1.0000
  65   65  1.0000
  65   80  1.0000
  65   95  1.0000
  65  110  1.0000
  65  125  1.0000
  65  140  1.0000
  65  155  1.0000
  65  170  1.0000
  65  185  1.0000
  65  200  1.0000
  65  215  0.9990
  66    6  1.0012
  66   21  1.0022
  66   36  1.0022
  66   51  1.0022
  66   66  1.0022
  66   81  1.0022
  66   96  1.0022
  66  111  0.5011
  66  110  0.5011
  66  125  1.0022
  66  140  1.0022
  66  155  1.0022
  66  170  1.0022
  66  185  1.0022
  66  200  1.0022
  66  215  1.0012
  67    7  1.0078
  67   22  1.0089
  67   37  1.0089
  67   52  0.7571
  67   51  0.2517
  67   66  1.0089
  67   81  1.0089
  67   96  1.0089
  67  111  1.0089
  67  126  1.0089
  67  141  1.0089
  67  156  1.0089
  67  171  0.2517
  67  170  0.7571
  67  185  1.0089
  67  200  1.0089
  67  215  1.0078
  68    8  1.0188
  68   23  1.0198
  68   38  0.5106
  68   37  0.5092
  68   52  1.0198
  68   67  1.0198
  68   82  1.0198
  68   97  1.0198
  68  112  0.5099
  68  111  0.5099
  68  126  1.0198
  68  141  1.0198
  68  156  1.0198
  68  171  1.0198
  68  186  0.5092
  68  185  0.5106
  68  200  1.0198
  68  215  1.0188
  69    9  1.0339
  69   24  0.9064
  69   23  0.1286
  69   38  1.0350
  69   53  1.0350
  69   68  1.0350
  69   83  0.6471
  69   82  0.3878
  69   97  1.0350
  69  112  1.0350
  69  127  1.0350
  69  142  0.3878
  69  141  0.6471
  69  156  1.0350
  69  171  1.0350
  69  186  1.0350
  69  201  0.1286
  69  200  0.9064
  69  215  1.0339
  70   10  1.0531
  70   25  0.5279
  70   24  0.5262
  70   39  1.0541
  70   54  1.0541
  70   69  0.5275
  70   68  0.5266
  70   83  1.0541
  70   98  1.0541
  70  113  0.5271
  70  112  0.5271
  70  127  1.0541
  70  142  1.0541
  70  157  0.5266
  70  156  0.5275
  70  171  1.0541
  70  186  1.0541
  70  201  0.5262
  70  200  0.5279
  70  215  1.0531
  71   11  1.0760
  71   26  0.2702
  71   25  0.8069
  71   40  1.0771
  71   55  0.8083
  71   54  0.2687
  71   69  1.0771
  71   84  1.0771
  71   99  0.2694
  71   98  0.8076
  71  113  1.0771
  71  128  0.8076
  71  127  0.2694
  71  142  1.0771
  71  157  1.0771
  71  172  0.2687
  71  171  0.8083
  71  186  1.0771
  71  201  0.8069
  71  200  0.2702
  71  215  1.0760
  72   12  1.1025
  72   27  0.0798
  72   26  1.0238
  72   41  1.1036
  72   56  0.2371
  72   55  0.8664
  72   70  1.1036
  72   85  0.3944
  72   84  0.7091
  72   99  1.1036
  72  114  0.5518
  72  113  0.5518
  72  128  1.1036
  72  143  0.7091
  72  142  0.3944
  72  157  1.1036
  72  172  0.8664
  72  171  0.2371
  72  186  1.1036
  72  201  1.0238
  72  200  0.0798
  72  215  1.1025
  73   13  1.0624
  73   12  0.0698
  73   27  1.1334
  73   42  0.9216
  73   41  0.2118
  73   56  1.1334
  73   71  0.7796
  73   70  0.3538
  73   85  1.1334
  73  100  0.6377
  73   99  0.4957
  73  114  1.1334
  73  129  0.4957
  73  128  0.6377
  73  143  1.1334
  73  158  0.3538
  73  157  0.7796
  73  172  1.1334
  73  187  0.2118
  73  186  0.9216
  73  201  1.1334
  73  216  0.0698
  73  215  1.0624
  74   14  0.9717
  74   13  0.1933
  74   28  1.1662
  74   43  0.5839
  74   42  0.5823
  74   57  1.1662
  74   72  0.1949
  74   71  0.9713
  74   86  0.9721
  74   85  0.1941
  74  100  1.1662
  74  115  0.5831
  74  114  0.5831
  74  129  1.1662
  74  144  0.1941
  74  143  0.9721
  74  158  0.9713
  74  157  0.1949
  74  172  1.1662
  74  187  0.5823
  74  186  0.5839
  74  201  1.1662
  74  216  0.1933
  74  215  0.9717
  75   15  0.9013
  75   14  0.2994
  75   29  1.2019
  75   44  0.3013
  75   43  0.9006
  75   58  0.9020
  75   57  0.2999
  75   72  1.2019
  75   87  0.3008
  75   86  0.9011
  75  101  0.9015
  75  100  0.3004
  75  115  1.2019
  75  130  0.3004
  75  129  0.9015
  75  144  0.9011
  75  143  0.3008
  75  158  1.2019
  75  173  0.2999
  75  172  0.9020
  75  187  0.9006
  75  186  0.3013
  75  201  1.2019
  75  216  0.2994
  75  215  0.9013
  76    1  1.0531
  76   16  0.5279
  76   17  0.5262
  76   32  1.0541
  76   47  1.0541
  76   62  0.5275
  76   63  0.5266
  76   78  1.0541
  76   93  1.0541
  76  108  0.5271
  76  109  0.5271
  76  124  1.0541
  76  139  1.0541
  76  154  0.5266
  76  155  0.5275
  76  170  1.0541
  76  185  1.0541
  76  200  0.5262
  76  201  0.5279
  76  216  1.0531
  77    2  1.0339
  77   17  0.9064
  77   18  0.1286
  77   33  1.0350
  77   48  1.0350
  77   63  1.0350
  77   78  0.6471
  77   79  0.3878
  77   94  1.0350
  77  109  1.0350
  77  124  1.0350
  77  139  0.3878
  77  140  0.6471
  77  155  1.0350
  77  170  1.0350
  77  185  1.0350
  77  200  0.1286
  77  201  0.9064
  77  216  1.0339
  78    3  1.0188
  78   18  1.0198
  78   33  0.5106
  78   34  0.5092
  78   49  1.0198
  78   64  1.0198
  78   79  1.0198
  78   94  1.0198
  78  109  0.5099
  78  110  0.5099
  78  125  1.0198
  78  140  1.0198
  78  155  1.0198
  78  170  1.0198
  78  185  0.5092
  78  186  0.5106
  78  201  1.0198
  78  216  1.0188
  79    4  1.0078
  79   19  1.0089
  79   34  1.0089
  79   49  0.7571
  79   50  0.2517
  79   65  1.0089
  79   80  1.0089
  79   95  1.0089
  79  110  1.0089
  79  125  1.0089
  79  140  1.0089
  79  155  1.0089
  79  170  0.2517
  79  171  0.7571
  79  186  1.0089
  79  201  1.0089
  79  216  1.0078
  80    5  1.0012
  80   20  1.0022
  80   35  1.0022
  80   50  1.0022
  80   65  1.0022
  80   80  1.0022
  80   95  1.0022
  80  110  0.5011
  80  111  0.5011
  80  126  1.0022
  80  141  1.0022
  80  156  1.0022
  80  171  1.0022
  80  186  1.0022
  80  201  1.0022
  80  216  1.0012
  81    6  0.9990
  81   21  1.0000
  81   36  1.0000
  81   51  1.0000
  81   66  1.0000
  81   81  1.0000
  81   96  1.0000
  81  111  1.0000
  81  126  1.0000
  81  141  1.0000
  81  156  1.0000
  81  171  1.0000
  81  186  1.0000
  81  201  1.0000
  81  216  0.9990
  82    7  1.0012
  82   22  1.0022
  82   37  1.0022
  82   52  1.0022
  82   67  1.0022
  82   82  1.0022
  82   97  1.0022
  82  112  0.5011
  82  111  0.5011
  82  126  1.0022
  82  141  1.0022
  82  156  1.0022
  82  171  1.0022
  82  186  1.0022
  82  201  1.0022
  82  216  1.0012
  83    8  1.0078
  83   23  1.0089
  83   38  1.0089
  83   53  0.7571
  83   52  0.2517
  83   67  1.0089
  83   82  1.0089
  83   97  1.0089
  83  112  1.0089
  83  127  1.0089
  83  142  1.0089
  83  157  1.0089
  83  172  0.2517
  83  171  0.7571
  83  186  1.0089
  83  201  1.0089
  83  216  1.0078
  84    9  1.0188
  84   24  1.0198
  84   39  0.5106
  84   38  0.5092
  84   53  1.0198
  84   68  1.0198
  84   83  1.0198
  84   98  1.0198
  84  113  0.5099
  84  112  0.5099
  84  127  1.0198
  84  142  1.0198
  84  157  1.0198
  84  172  1.0198
  84  187  0.5092
  84  186  0.5106
  84  201  1.0198
  84  216  1.0188
  85   10  1.0339
  85   25  0.9064
  85   24  0.1286
  85   39  1.0350
  85   54  1.0350
  85   69  1.0350
  85   84  0.6471
  85   83  0.3878
  85   98  1.0350
  85  113  1.0350
  85  128  1.0350
  85  143  0.3878
  85  142  0.6471
  85  157  1.0350
  85  172  1.0350
  85  187  1.0350
  85  202  0.1286
  85  201  0.9064
  85  216  1.0339
  86   11  1.0531
  86   26  0.5279
  86   25  0.5262
  86   40  1.0541
  86   55  1.0541
  86   70  0.5275
  86   69  0.5266
  86   84  1.0541
  86   99  1.0541
  86  114  0.5271
  86  113  0.5271
  86  128  1.0541
  86  143  1.0541
  86  158  0.5266
  86  157  0.5275
  86  172  1.0541
  86  187  1.0541
  86  202  0.5262
  86  201  0.5279
  86  216  1.0531
  87   12  1.0760
  87   27  0.2702
  87   26  0.8069
  87   41  1.0771
  87   56  0.8083
  87   55  0.2687
  87   70  1.0771
  87   85  1.0771
  87  100  0.2694
  87   99  0.8076
  87  114  1.0771
  87  129  0.8076
  87  128  0.2694
  87  143  1.0771
  87  158  1.0771
  87  173  0.2687
  87  172  0.8083
  87  187  1.0771
  87  202  0.8069
  87  201  0.2702
  87  216  1.0760
  88   13  1.1025
  88   28  0.0798
  88   27  1.0238
  88   42  1.1036
  88   57  0.2371
  88   56  0.8664
  88   71  1.1036
  88   86  0.3944
  88   85  0.7091
  88  100  1.1036
  88  115  0.5518
  88  114  0.5518
  88  129  1.1036
  88  144  0.7091
  88  143  0.3944
  88  158  1.1036
  88  173  0.8664
  88  172  0.2371
  88  187  1.1036
  88  202  1.0238
  88  201  0.0798
  88  216  1.1025
  89   14  1.0624
  89   13  0.0698
  89   28  1.1334
  89   43  0.9216
  89   42  0.2118
  89   57  1.1334
  89   72  0.7796
  89   71  0.3538
  89   86  1.1334
  89  101  0.6377
  89  100  0.4957
  89  115  1.1334
  89  130  0.4957
  89  129  0.6377
  89  144  1.1334
  89  159  0.3538
  89  158  0.7796
  89  173  1.1334
  89  188  0.2118
  89  187  0.9216
  89  202  1.1334
  89  217  0.0698
  89  216  1.0624
  90   15  0.9717
  90   14  0.1933
  90   29  1.1662
  90   44  0.5839
  90   43  0.5823
  90   58  1.1662
  90   73  0.1949
  90   72  0.9713
  90   87  0.9721
  90   86  0.1941
  90  101  1.1662
  90  116  0.5831
  90  115  0.5831
  90  130  1.1662
  90  145  0.1941
  90  144  0.9721
  90  159  0.9713
  90  158  0.1949
  90  173  1.1662
  90  188  0.5823
  90  187  0.5839
  90  202  1.1662
  90  217  0.1933
  90  216  0.9717
  91    1  1.0760
  91   16  0.2702
  91   17  0.8069
  91   32  1.0771
  91   47  0.8083
  91   48  0.2687
  91   63  1.0771
  91   78  1.0771
  91   93  0.2694
  91   94  0.8076
  91  109  1.0771
  91  124  0.8076
  91  125  0.2694
  91  140  1.0771
  91  155  1.0771
  91  170  0.2687
  91  171  0.8083
  91  186  1.0771
  91  201  0.8069
  91  202  0.2702
  91  217  1.0760
  92    2  1.0531
  92   17  0.5279
  92   18  0.5262
  92   33  1.0541
  92   48  1.0541
  92   63  0.5275
  92   64  0.5266
  92   79  1.0541
  92   94  1.0541
  92  109  0.5271
  92  110  0.5271
  92  125  1.0541
  92  140  1.0541
  92  155  0.5266
  92  156  0.5275
  92  171  1.0541
  92  186  1.0541
  92  201  0.5262
  92  202  0.5279
  92  217  1.0531
  93    3  1.0339
  93   18  0.9064
  93   19  0.1286
  93   34  1.0350
  93   49  1.0350
  93   64  1.0350
  93   79  0.6471
  93   80  0.3878
  93   95  1.0350
  93  110  1.0350
  93  125  1.0350
  93  140  0.3878
  93  141  0.6471
  93  156  1.0350
  93  171  1.0350
  93  186  1.0350
  93  201  0.1286
  93  202  0.9064
  93  217  1.0339
  94    4  1.0188
  94   19  1.0198
  94   34  0.5106
  94   35  0.5092
  94   50  1.0198
  94   65  1.0198
  94   80  1.0198
  94   95  1.0198
  94  110  0.5099
  94  111  0.5099
  94  126  1.0198
  94  141  1.0198
  94  156  1.0198
  94  171  1.0198
  94  186  0.5092
  94  187  0.5106
  94  202  1.0198
  94  217  1.0188
  95    5  1.0078
  95   20  1.0089
  95   35  1.0089
  95   50  0.7571
  95   51  0.2517
  95   66  1.0089
  95   81  1.0089
  95   96  1.0089
  95  111  1.0089
  95  126  1.0089
  95  141  1.0089
  95  156  1.0089
  95  171  0.2517
  95  172  0.7571
  95  187  1.0089
  95  202  1.0089
  95  217  1.0078
  96    6  1.0012
  96   21  1.0022
  96   36  1.0022
  96   51  1.0022
  96   66  1.0022
  96   81  1.0022
  96   96  1.0022
  96  111  0.5011
  96  112  0.5011
  96  127  1.0022
  96  142  1.0022
  96  157  1.0022
  96  172  1.0022
  96  187  1.0022
  96  202  1.0022
  96  217  1.0012
  97    7  0.9990
  97   22  1.0000
  97   37  1.0000
  97   52  1.0000
  97   67  1.0000
  97   82  1.0000
  97   97  1.0000
  97  112  1.0000
  97  127  1.0000
  97  142  1.0000
  97  157  1.0000
  97  172  1.0000
  97  187  1.0000
  97  202  1.0000
  97  217  0.9990
  98    8  1.0012
  98   23  1.0022
  98   38  1.0022
  98   53  1.0022
  98   68  1.0022
  98   83  1.0022
  98   98  1.0022
  98  113  0.5011
  98  112  0.5011
  98  127  1.0022
  98  142  1.0022
  98  157  1.0022
  98  172  1.0022
  98  187  1.0022
  98  202  1.0022
  98  217  1.0012
  99    9  1.0078
  99   24  1.0089
  99   39  1.0089
  99   54  0.7571
  99   53  0.2517
  99   68  1.0089
  99   83  1.0089
  99   98  1.0089
  99  113  1.0089
  99  128  1.0089
  99  143  1.0089
  99  158  1.0089
  99  173  0.2517
  99  172  0.7571
  99  187  1.0089
  99  202  1.0089
  99  217  1.0078
 100   10  1.0188
 100   25  1.0198
 100   40  0.5106
 100   39  0.5092
 100   54  1.0198
 100   69  1.0198
 100   84  1.0198
 100   99  1.0198
 100  114  0.5099
 100  113  0.5099
 100  128  1.0198
 100  143  1.0198
 100  158  1.0198
 100  173  1.0198
 100  188  0.5092
 100  187  0.5106
 100  202  1.0198
 100  217  1.0188
 101   11  1.0339
 101   26  0.9064
 101   25  0.1286
 101   40  1.0350
 101   55  1.0350
 101   70  1.0350
 101   85  0.6471
 101   84  0.3878
 101   99  1.0350
 101  114  1.0350
 101  129  1.0350
 101  144  0.3878
 101  143  0.6471
 101  158  1.0350
 101  173  1.0350
 101  188  1.0350
 101  203  0.1286
 101  202  0.9064
 101  217  1.0339
 102   12  1.0531
 102   27  0.5279
 102   26  0.5262
 102   41  1.0541
 102   56  1.0541
 102   71  0.5275
 102   70  0.5266
 102   85  1.0541
 102  100  1.0541
 102  115  0.5271
 102  114  0.5271
 102  129  1.0541
 102  144  1.0541
 102  159  0.5266
 102  158  0.5275
 102  173  1.0541
 102  188  1.0541
 102  203  0.5262
 102  202  0.5279
 102  217  1.0531
 103   13  1.0760
 103   28  0.2702
 103   27  0.8069
 103   42  1.0771
 103   57  0.8083
 103   56  0.2687
 103   71  1.0771
 103   86  1.0771
 103  101  0.2694
 103  100  0.8076
 103  115  1.0771
 103  130  0.8076
 103  129  0.2694
 103  144  1.0771
 103  159  1.0771
 103  174  0.2687
 103  173  0.8083
 103  188  1.0771
 103  203  0.8069
 103  202  0.2702
 103  217  1.0760
 104   14  1.1025
 104   29  0.0798
 104   28  1.0238
 104   43  1.1036
 104   58  0.2371
 104   57  0.8664
 104   72  1.1036
 104   87  0.3944
 104   86  0.7091
 104  101  1.1036
 104  116  0.5518
 104  115  0.5518
 104  130  1.1036
 104  145  0.7091
 104  144  0.3944
 104  159  1.1036
 104  174  0.8664
 104  173  0.2371
 104  188  1.1036
 104  203  1.0238
 104  202  0.0798
 104  217  1.1025
 105   15  1.0624
 105   14  0.0698
 105   29  1.1334
 105   44  0.9216
 105   43  0.2118
 105   58  1.1334
 105   73  0.7796
 105   72  0.3538
 105   87  1.1334
 105  102  0.6377
 105  101  0.4957
 105  116  1.1334
 105  131  0.4957
 105  130  0.6377
 105  145  1.1334
 105  160  0.3538
 105  159  0.7796
 105  174  1.1334
 105  189  0.2118
 105  188  0.9216
 105  203  1.1334
 105  218  0.0698
 105  217  1.0624
 106    1  1.1025
 106   16  0.0798
 106   17  1.0238
 106   32  1.1036
 106   47  0.2371
 106   48  0.8664
 106   63  1.1036
 106   78  0.3944
 106   79  0.7091
 106   94  1.1036
 106  109  0.5518
 106  110  0.5518
 106  125  1.1036
 106  140  0.7091
 106  141  0.3944
 106  156  1.1036
 106  171  0.8664
 106  172  0.2371
 106  187  1.1036
 106  202  1.0238
 106  203  0.0798
 106  218  1.1025
 107    2  1.0760
 107   17  0.2702
 107   18  0.8069
 107   33  1.0771
 107   48  0.8083
 107   49  0.2687
 107   64  1.0771
 107   79  1.0771
 107   94  0.2694
 107   95  0.8076
 107  110  1.0771
 107  125  0.8076
 107  126  0.2694
 107  141  1.0771
 107  156  1.0771
 107  171  0.2687
 107  172  0.8083
 107  187  1.0771
 107  202  0.8069
 107  203  0.2702
 107  218  1.0760
 108    3  1.0531
 108   18  0.5279
 108   19  0.5262
 108   34  1.0541
 108   49  1.0541
 108   64  0.5275
 108   65  0.5266
 108   80  1.0541
 108   95  1.0541
 108  110  0.5271
 108  111  0.5271
 108  126  1.0541
 108  141  1.0541
 108  156  0.5266
 108  157  0.5275
 108  172  1.0541
 108  187  1.0541
 108  202  0.5262
 108  203  0.5279
 108  218  1.0531
 109    4  1.0339
 109   19  0.9064
 109   20  0.1286
 109   35  1.0350
 109   50  1.0350
 109   65  1.0350
 109   80  0.6471
 109   81  0.3878
 109   96  1.0350
 109  111  1.0350
 109  126  1.0350
 109  141  0.3878
 109  142  0.6471
 109  157  1.0350
 109  172  1.0350
 109  187  1.0350
 109  202  0.1286
 109  203  0.9064
 109  218  1.0339
 110    5  1.0188
 110   20  1.0198
 110   35  0.5106
 110   36  0.5092
 110   51  1.0198
 110   66  1.0198
 110   81  1.0198
 110   96  1.0198
 110  111  0.5099
 110  112  0.5099
 110  127  1.0198
 110  142  1.0198
 110  157  1.0198
 110  172  1.0198
 110  187  0.5092
 110  188  0.5106
 110  203  1.0198
 110  218  1.0188
 111    6  1.0078
 111   21  1.0089
 111   36  1.0089
 111   51  0.7571
 111   52  0.2517
 111   67  1.0089
 111   82  1.0089
 111   97  1.0089
 111  112  1.0089
 111  127  1.0089
 111  142  1.0089
 111  157  1.0089
 111  172  0.2517
 111  173  0.7571
 111  188  1.0089
 111  203  1.0089
 111  218  1.0078
 112    7  1.0012
 112   22  1.0022
 112   37  1.0022
 112   52  1.0022
 112   67  1.0022
 112   82  1.0022
 112   97  1.0022
 112  112  0.5011
 112  113  0.5011
 112  128  1.0022
 112  143  1.0022
 112  158  1.0022
 112  173  1.0022
 112  188  1.0022
 112  203  1.0022
 112  218  1.0012
 113    8  0.9990
 113   23  1.0000
 113   38  1.0000
 113   53  1.0000
 113   68  1.0000
 113   83  1.0000
 113   98  1.0000
 113  113  1.0000
 113  128  1.0000
 113  143  1.0000
 113  158  1.0000
 113  173  1.0000
 113  188  1.0000
 113  203  1.0000
 113  218  0.9990
 114    9  1.0012
 114   24  1.0022
 114   39  1.0022
 114   54  1.0022
 114   69  1.0022
 114   84  1.0022
 114   99  1.0022
 114  114  0.5011
 114  113  0.5011
 114  128  1.0022
 114  143  1.0022
 114  158  1.0022
 114  173  1.0022
 114  188  1.0022
 114  203  1.0022
 114  218  1.0012
 115   10  1.0078
 115   25  1.0089
 115   40  1.0089
 115   55  0.7571
 115   54  0.2517
 115   69  1.0089
 115   84  1.0089
 115   99  1.0089
 115  114  1.0089
 115  129  1.0089
 115  144  1.0089
 115  159  1.0089
 115  174  0.2517
 115  173  0.7571
 115  188  1.0089
 115  203  1.0089
 115  218  1.0078
 116   11  1.0188
 116   26  1.0198
 116   41  0.5106
 116   40  0.5092
 116   55  1.0198
 116   70  1.0198
 116   85  1.0198
 116  100  1.0198
 116  115  0.5099
 116  114  0.5099
 116  129  1.0198
 116  144  1.0198
 116  159  1.0198
 116  174  1.0198
 116  189  0.5092
 116  188  0.5106
 116  203  1.0198
 116  218  1.0188
 117   12  1.0339
 117   27  0.9064
 117   26  0.1286
 117   41  1.0350
 117   56  1.0350
 117   71  1.0350
 117   86  0.6471
 117   85  0.3878
 117  100  1.0350
 117  115  1.0350
 117  130  1.0350
 117  145  0.3878
 117  144  0.6471
 117  159  1.0350
 117  174  1.0350
 117  189  1.0350
 117  204  0.1286
 117  203  0.9064
 117  218  1.0339
 118   13  1.0531
 118   28  0.5279
 118   27  0.5262
 118   42  1.0541
 118   57  1.0541
 118   72  0.5275
 118   71  0.5266
 118   86  1.0541
 118  101  1.0541
 118  116  0.5271
 118  115  0.5271
 118  130  1.0541
 118  145  1.0541
 118  160  0.5266
 118  159  0.5275
 118  174  1.0541
 118  189  1.0541
 118  204  0.5262
 118  203  0.5279
 118  218  1.0531
 119   14  1.0760
 119   29  0.2702
 119   28  0.8069
 119   43  1.0771
 119   58  0.8083
 119   57  0.2687
 119   72  1.0771
 119   87  1.0771
 119  102  0.2694
 119  101  0.8076
 119  116  1.0771
 119  131  0.8076
 119  130  0.2694
 119  145  1.0771
 119  160  1.0771
 119  175  0.2687
 119  174  0.8083
 119  189  1.0771
 119  204  0.8069
 119  203  0.2702
 119  218  1.0760
 120   15  1.1025
 120   30  0.0798
 120   29  1.0238
 120   44  1.1036
 120   59  0.2371
 120   58  0.8664
 120   73  1.1036
 120   88  0.3944
 120   87  0.7091
 120  102  1.1036
 120  117  0.5518
 120  116  0.5518
 120  131  1.1036
 120  146  0.7091
 120  145  0.3944
 120  160  1.1036
 120  175  0.8664
 120  174  0.2371
 120  189  1.1036
 120  204  1.0238
 120  203  0.0798
 120  218  1.1025
 121    1  1.0624
 121    2  0.0698
 121   17  1.1334
 121   32  0.9216
 121   33  0.2118
 121   48  1.1334
 121   63  0.7796
 121   64  0.3538
 121   79  1.1334
 121   94  0.6377
 121   95  0.4957
 121  110  1.1334
 121  125  0.4957
 121  126  0.6377
 121  141  1.1334
 121  156  0.3538
 121  157  0.7796
 121  172  1.1334
 121  187  0.2118
 121  188  0.9216
 121  203  1.1334
 121  218  0.0698
 121  219  1.0624
 122    2  1.1025
 122   17  0.0798
 122   18  1.0238
 122   33  1.1036
 122   48  0.2371
 122   49  0.8664
 122   64  1.1036
 122   79  0.3944
 122   80  0.7091
 122   95  1.1036
 122  110  0.5518
 122  111  0.5518
 122  126  1.1036
 122  141  0.7091
 122  142  0.3944
 122  157  1.1036
 122  172  0.8664
 122  173  0.2371
 122  188  1.1036
 122  203  1.0238
 122  204  0.0798
 122  219  1.1025
 123    3  1.0760
 123   18  0.2702
 123   19  0.8069
 123   34  1.0771
 123   49  0.8083
 123   50  0.2687
 123   65  1.0771
 123   80  1.0771
 123   95  0.2694
 123   96  0.8076
 123  111  1.0771
 123  126  0.8076
 123  127  0.2694
 123  142  1.0771
 123  157  1.0771
 123  172  0.2687
 123  173  0.8083
 123  188  1.0771
 123  203  0.8069
 123  204  0.2702
 123  219  1.0760
 124    4  1.0531
 124   19  0.5279
 124   20  0.5262
 124   35  1.0541
 124   50  1.0541
 124   65  0.5275
 124   66  0.5266
 124   81  1.0541
 124   96  1.0541
 124  111  0.5271
 124  112  0.5271
 124  127  1.0541
 124  142  1.0541
 124  157  0.5266
 124  158  0.5275
 124  173  1.0541
 124  188  1.0541
 124  203  0.5262
 124  204  0.5279
 124  219  1.0531
 125    5  1.0339
 125   20  0.9064
 125   21  0.1286
 125   36  1.0350
 125   51  1.0350
 125   66  1.0350
 125   81  0.6471
 125   82  0.3878
 125   97  1.0350
 125  112  1.0350
 125  127  1.0350
 125  142  0.3878
 125  143  0.6471
 125  158  1.0350
 125  173  1.0350
 125  188  1.0350
 125  203  0.1286
 125  204  0.9064
 125  219  1.0339
 126    6  1.0188
 126   21  1.0198
 126   36  0.5106
 126   37  0.5092
 126   52  1.0198
 126   67  1.0198
 126   82  1.0198
 126   97  1.0198
 126  112  0.5099
 126  113  0.5099
 126  128  1.0198
 126  143  1.0198
 126  158  1.0198
 126  173  1.0198
 126  188  0.5092
 126  189  0.5106
 126  204  1.0198
 126  219  1.0188
 127    7  1.0078
 127   22  1.0089
 127   37  1.0089
 127   52  0.7571
 127   53  0.2517
 127   68  1.0089
 127   83  1.0089
 127   98  1.0089
 127  113  1.0089
 127  128  1.0089
 127  143  1.0089
 127  158  1.0089
 127  173  0.2517
 127  174  0.7571
 127  189  1.0089
 127  204  1.0089
 127  219  1.0078
 128    8  1.0012
 128   23  1.0022
 128   38  1.0022
 128   53  1.0022
 128   68  1.0022
 128   83  1.0022
 128   98  1.0022
 128  113  0.5011
 128  114  0.5011
 128  129  1.0022
 128  144  1.0022
 128  159  1.0022
 128  174  1.0022
 128  189  1.0022
 128  204  1.0022
 128  219  1.0012
 129    9  0.9990
 129   24  1.0000
 129   39  1.0000
 129   54  1.0000
 129   69  1.0000
 129   84  1.0000
 129   99  1.0000
 129  114  1.0000
 129  129  1.0000
 129  144  1.0000
 129  159  1.0000
 129  174  1.0000
 129  189  1.0000
 129  204  1.0000
 129  219  0.9990
 130   10  1.0012
 130   25  1.0022
 130   40  1.0022
 130   55  1.0022
 130   70  1.0022
 130   85  1.0022
 130  100  1.0022
 130  115  0.5011
 130  114  0.5011
 130  129  1.0022
 130  144  1.0022
 130  159  1.0022
 130  174  1.0022
 130  189  1.0022
 130  204  1.0022
 130  219  1.0012
 131   11  1.0078
 131   26  1.0089
 131   41  1.0089
 131   56  0.7571
 131   55  0.2517
 131   70  1.0089
 131   85  1.0089
 131  100  1.0089
 131  115  1.0089
 131  130  1.0089
 131  145  1.0089
 131  160  1.0089
 131  175  0.2517
 131  174  0.7571
 131  189  1.0089
 131  204  1.0089
 131  219  1.0078
 132   12  1.0188
 132   27  1.0198
 132   42  0.5106
 132   41  0.5092
 132   56  1.0198
 132   71  1.0198
 132   86  1.0198
 132  101  1.0198
 132  116  0.5099
 132  115  0.5099
 132  130  1.0198
 132  145  1.0198
 132  160  1.0198
 132  175  1.0198
 132  190  0.5092
 132  189  0.5106
 132  204  1.0198
 132  219  1.0188
 133   13  1.0339
 133   28  0.9064
 133   27  0.1286
 133   42  1.0350
 133   57  1.0350
 133   72  1.0350
 133   87  0.6471
 133   86  0.3878
 133  101  1.0350
 133  116  1.0350
 133  131  1.0350
 133  146  0.3878
 133  145  0.6471
 133  160  1.0350
 133  175  1.0350
 133  190  1.0350
 133  205  0.1286
 133  204  0.9064
 133  219  1.0339
 134   14  1.0531
 134   29  0.5279
 134   28  0.5262
 134   43  1.0541
 134   58  1.0541
 134   73  0.5275
 134   72  0.5266
 134   87  1.0541
 134  102  1.0541
 134  117  0.5271
 134  116  0.5271
 134  131  1.0541
 134  146  1.0541
 134  161  0.5266
 134  160  0.5275
 134  175  1.0541
 134  190  1.0541
 134  205  0.5262
 134  204  0.5279
 134  219  1.0531
 135   15  1.0760
 135   30  0.2702
 135   29  0.8069
 135   44  1.0771
 135   59  0.8083
 135   58  0.2687
 135   73  1.0771
 135   88  1.0771
 135  103  0.2694
 135  102  0.8076
 135  117  1.0771
 135  132  0.8076
 135  131  0.2694
 135  146  1.0771
 135  161  1.0771
 135  176  0.2687
 135  175  0.8083
 135  190  1.0771
 135  205  0.8069
 135  204  0.2702
 135  219  1.0760
 136    1  0.9717
 136    2  0.1933
 136   17  1.1662
 136   32  0.5839
 136   33  0.5823
 136   48  1.1662
 136   63  0.1949
 136   64  0.9713
 136   79  0.9721
 136   80  0.1941
 136   95  1.1662
 136  110  0.5831
 136  111  0.5831
 136  126  1.1662
 136  141  0.1941
 136  142  0.9721
 136  157  0.9713
 136  158  0.1949
 136  173  1.1662
 136  188  0.5823
 136  189  0.5839
 136  204  1.1662
 136  219  0.1933
 136  220  0.9717
 137    2  1.0624
 137    3  0.0698
 137   18  1.1334
 137   33  0.9216
 137   34  0.2118
 137   49  1.1334
 137   64  0.7796
 137   65  0.3538
 137   80  1.1334
 137   95  0.6377
 137   96  0.4957
 137  111  1.1334
 137  126  0.4957
 137  127  0.6377
 137  142  1.1334
 137  157  0.3538
 137  158  0.7796
 137  173  1.1334
 137  188  0.2118
 137  189  0.9216
 137  204  1.1334
 137  219  0.0698
 137  220  1.0624
 138    3  1.1025
 138   18  0.0798
 138   19  1.0238
 138   34  1.1036
 138   49  0.2371
 138   50  0.8664
 138   65  1.1036
 138   80  0.3944
 138   81  0.7091
 138   96  1.1036
 138  111  0.5518
 138  112  0.5518
 138  127  1.1036
 138  142  0.7091
 138  143  0.3944
 138  158  1.1036
 138  173  0.8664
 138  174  0.2371
 138  189  1.1036
 138  204  1.0238
 138  205  0.0798
 138  220  1.1025
 139    4  1.0760
 139   19  0.2702
 139   20  0.8069
 139   35  1.0771
 139   50  0.8083
 139   51  0.2687
 139   66  1.0771
 139   81  1.0771
 139   96  0.2694
 139   97  0.8076
 139  112  1.0771
 139  127  0.8076
 139  128  0.2694
 139  143  1.0771
 139  158  1.0771
 139  173  0.2687
 139  174  0.8083
 139  189  1.0771
 139  204  0.8069
 139  205  0.2702
 139  220  1.0760
 140    5  1.0531
 140   20  0.5279
 140   21  0.5262
 140   36  1.0541
 140   51  1.0541
 140   66  0.5275
 140   67  0.5266
 140   82  1.0541
 140   97  1.0541
 140  112  0.5271
 140  113  0.5271
 140  128  1.0541
 140  143  1.0541
 140  158  0.5266
 140  159  0.5275
 140  174  1.0541
 140  189  1.0541
 140  204  0.5262
 140  205  0.5279
 140  220  1.0531
 141    6  1.0339
 141   21  0.9064
 141   22  0.1286
 141   37  1.0350
 141   52  1.0350
 141   67  1.0350
 141   82  0.6471
 141   83  0.3878
 141   98  1.0350
 141  113  1.0350
 141  128  1.0350
 141  143  0.3878
 141  144  0.6471
 141  159  1.0350
 141  174  1.0350
 141  189  1.0350
 141  204  0.1286
 141  205  0.9064
 141  220  1.0339
 142    7  1.0188
 142   22  1.0198
 142   37  0.5106
 142   38  0.5092
 142   53  1.0198
 142   68  1.0198
 142   83  1.0198
 142   98  1.0198
 142  113  0.5099
 142  114  0.5099
 142  129  1.0198
 142  144  1.0198
 142  159  1.0198
 142  174  1.0198
 142  189  0.5092
 142  190  0.5106
 142  205  1.0198
 142  220  1.0188
 143    8  1.0078
 143   23  1.0089
 143   38  1.0089
 143   53  0.7571
 143   54  0.2517
 143   69  1.0089
 143   84  1.0089
 143   99  1.0089
 143  114  1.0089
 143  129  1.0089
 143  144  1.0089
 143  159  1.0089
 143  174  0.2517
 143  175  0.7571
 143  190  1.0089
 143  205  1.0089
 143  220  1.0078
 144    9  1.0012
 144   24  1.0022
 144   39  1.0022
 144   54  1.0022
 144   69  1.0022
 144   84  1.0022
 144   99  1.0022
 144  114  0.5011
 144  115  0.5011
 144  130  1.0022
 144  145  1.0022
 144  160  1.0022
 144  175  1.0022
 144  190  1.0022
 144  205  1.0022
 144  220  1.0012
 145   10  0.9990
 145   25  1.0000
 145   40  1.0000
 145   55  1.0000
 145   70  1.0000
 145   85  1.0000
 145  100  1.0000
 145  115  1.0000
 145  130  1.0000
 145  145  1.0000
 145  160  1.0000
 145  175  1.0000
 145  190  1.0000
 145  205  1.0000
 145  220  0.9990
 146   11  1.0012
 146   26  1.0022
 146   41  1.0022
 146   56  1.0022
 146   71  1.0022
 146   86  1.0022
 146  101  1.0022
 146  116  0.5011
 146  115  0.5011
 146  130  1.0022
 146  145  1.0022
 146  160  1.0022
 146  175  1.0022
 146  190  1.0022
 146  205  1.0022
 146  220  1.0012
 147   12  1.0078
 147   27  1.0089
 147   42  1.0089
 147   57  0.7571
 147   56  0.2517
 147   71  1.0089
 147   86  1.0089
 147  101  1.0089
 147  116  1.0089
 147  131  1.0089
 147  146  1.0089
 147  161  1.0089
 147  176  0.2517
 147  175  0.7571
 147  190  1.0089
 147  205  1.0089
 147  220  1.0078
 148   13  1.0188
 148   28  1.0198
 148   43  0.5106
 148   42  0.5092
 148   57  1.0198
 148   72  1.0198
 148   87  1.0198
 148  102  1.0198
 148  117  0.5099
 148  116  0.5099
 148  131  1.0198
 148  146  1.0198
 148  161  1.0198
 148  176  1.0198
 148  191  0.5092
 148  190  0.5106
 148  205  1.0198
 148  220  1.0188
 149   14  1.0339
 149   29  0.9064
 149   28  0.1286
 149   43  1.0350
 149   58  1.0350
 149   73  1.0350
 149   88  0.6471
 149   87  0.3878
 149  102  1.0350
 149  117  1.0350
 149  132  1.0350
 149  147  0.3878
 149  146  0.6471
 149  161  1.0350
 149  176  1.0350
 149  191  1.0350
 149  206  0.1286
 149  205  0.9064
 149  220  1.0339
 150   15  1.0531
 150   30  0.5279
 150   29  0.5262
 150   44  1.0541
 150   59  1.0541
 150   74  0.5275
 150   73  0.5266
 150   88  1.0541
 150  103  1.0541
 150  118  0.5271
 150  117  0.5271
 150  132  1.0541
 150  147  1.0541
 150  162  0.5266
 150  161  0.5275
 150  176  1.0541
 150  191  1.0541
 150  206  0.5262
 150  205  0.5279
 150  220  1.0531
 151    1  0.9013
 151    2  0.2994
 151   17  1.2019
 151   32  0.3013
 151   33  0.9006
 151   48  0.9020
 151   49  0.2999
 151   64  1.2019
 151   79  0.3008
 151   80  0.9011
 151   95  0.9015
 151   96  0.3004
 151  111  1.2019
 151  126  0.3004
 151  127  0.9015
 151  142  0.9011
 151  143  0.3008
 151  158  1.2019
 151  173  0.2999
 151  174  0.9020
 151  189  0.9006
 151  190  0.3013
 151  205  1.2019
 151  220  0.2994
 151  221  0.9013
 152    2  0.9717
 152    3  0.1933
 152   18  1.1662
 152   33  0.5839
 152   34  0.5823
 152   49  1.1662
 152   64  0.1949
 152   65  0.9713
 152   80  0.9721
 152   81  0.1941
 152   96  1.1662
 152  111  0.5831
 152  112  0.5831
 152  127  1.1662
 152  142  0.1941
 152  143  0.9721
 152  158  0.9713
 152  159  0.1949
 152  174  1.1662
 152  189  0.5823
 152  190  0.5839
 152  205  1.1662
 152  220  0.1933
 152  221  0.9717
 153    3  1.0624
 153    4  0.0698
 153   19  1.1334
 153   34  0.9216
 153   35  0.2118
 153   50  1.1334
 153   65  0.7796
 153   66  0.3538
 153   81  1.1334
 153   96  0.6377
 153   97  0.4957
 153  112  1.1334
 153  127  0.4957
 153  128  0.6377
 153  143  1.1334
 153  158  0.3538
 153  159  0.7796
 153  174  1.1334
 153  189  0.2118
 153  190  0.9216
 153  205  1.1334
 153  220  0.0698
 153  221  1.0624
 154    4  1.1025
 154   19  0.0798
 154   20  1.0238
 154   35  1.1036
 154   50  0.2371
 154   51  0.8664
 154   66  1.1036
 154   81  0.3944
 154   82  0.7091
 154   97  1.1036
 154  112  0.5518
 154  113  0.5518
 154  128  1.1036
 154  143  0.7091
 154  144  0.3944
 154  159  1.1036
 154  174  0.8664
 154  175  0.2371
 154  190  1.1036
 154  205  1.0238
 154  206  0.0798
 154  221  1.1025
 155    5  1.0760
 155   20  0.2702
 155   21  0.8069
 155   36  1.0771
 155   51  0.8083
 155   52  0.2687
 155   67  1.0771
 155   82  1.0771
 155   97  0.2694
 155   98  0.8076
 155  113  1.0771
 155  128  0.8076
 155  129  0.2694
 155  144  1.0771
 155  159  1.0771
 155  174  0.2687
 155  175  0.8083
 155  190  1.0771
 155  205  0.8069
 155  206  0.2702
 155  221  1.0760
 156    6  1.0531
 156   21  0.5279
 156   22  0.5262
 156   37  1.0541
 156   52  1.0541
 156   67  0.5275
 156   68  0.5266
 156   83  1.0541
 156   98  1.0541
 156  113  0.5271
 156  114  0.5271
 156  129  1.0541
 156  144  1.0541
 156  159  0.5266
 156  160  0.5275
 156  175  1.0541
 156  190  1.0541
 156  205  0.5262
 156  206  0.5279
 156  221  1.0531
 157    7  1.0339
 157   22  0.9064
 157   23  0.1286
 157   38  1.0350
 157   53  1.0350
 157   68  1.0350
 157   83  0.6471
 157   84  0.3878
 157   99  1.0350
 157  114  1.0350
 157  129  1.0350
 157  144  0.3878
 157  145  0.6471
 157  160  1.0350
 157  175  1.0350
 157  190  1.0350
 157  205  0.1286
 157  206  0.9064
 157  221  1.0339
 158    8  1.0188
 158   23  1.0198
 158   38  0.5106
 158   39  0.5092
 158   54  1.0198
 158   69  1.0198
 158   84  1.0198
 158   99  1.0198
 158  114  0.5099
 158  115  0.5099
 158  130  1.0198
 158  145  1.0198
 158  160  1.0198
 158  175  1.0198
 158  190  0.5092
 158  191  0.5106
 158  206  1.0198
 158  221  1.0188
 159    9  1.0078
 159   24  1.0089
 159   39  1.0089
 159   54  0.7571
 159   55  0.2517
 159   70  1.0089
 159   85  1.0089
 159  100  1.0089
 159  115  1.0089
 159  130  1.0089
 159  145  1.0089
 159  160  1.0089
 159  175  0.2517
 159  176  0.7571
 159  191  1.0089
 159  206  1.0089
 159  221  1.0078
 160   10  1.0012
 160   25  1.0022
 160   40  1.0022
 160   55  1.0022
 160   70  1.0022
 160   85  1.0022
 160  100  1.0022
 160  115  0.5011
 160  116  0.5011
 160  131  1.0022
 160  146  1.0022
 160  161  1.0022
 160  176  1.0022
 160  191  1.0022
 160  206  1.0022
 160  221  1.0012
 161   11  0.9990
 161   26  1.0000
 161   41  1.0000
 161   56  1.0000
 161   71  1.0000
 161   86  1.0000
 161  101  1.0000
 161  116  1.0000
 161  131  1.0000
 161  146  1.0000
 161  161  1.0000
 161  176  1.0000
 161  191  1.0000
 161  206  1.0000
 161  221  0.9990
 162   12  1.0012
 162   27  1.0022
 162   42  1.0022
 162   57  1.0022
 162   72  1.0022
 162   87  1.0022
 162  102  1.0022
 162  117  0.5011
 162  116  0.5011
 162  131  1.0022
 162  146  1.0022
 162  161  1.0022
 162  176  1.0022
 162  191  1.0022
 162  206  1.0022
 162  221  1.0012
 163   13  1.0078
 163   28  1.0089
 163   43  1.0089
 163   58  0.7571
 163   57  0.2517
 163   72  1.0089
 163   87  1.0089
 163  102  1.0089
 163  117  1.0089
 163  132  1.0089
 163  147  1.0089
 163  162  1.0089
 163  177  0.2517
 163  176  0.7571
 163  191  1.0089
 163  206  1.0089
 163  221  1.0078
 164   14  1.0188
 164   29  1.0198
 164   44  0.5106
 164   43  0.5092
 164   58  1.0198
 164   73  1.0198
 164   88  1.0198
 164  103  1.0198
 164  118  0.5099
 164  117  0.5099
 164  132  1.0198
 164  147  1.0198
 164  162  1.0198
 164  177  1.0198
 164  192  0.5092
 164  191  0.5106
 164  206  1.0198
 164  221  1.0188
 165   15  1.0339
 165   30  0.9064
 165   29  0.1286
 165   44  1.0350
 165   59  1.0350
 165   74  1.0350
 165   89  0.6471
 165   88  0.3878
 165  103  1.0350
 165  118  1.0350
 165  133  1.0350
 165  148  0.3878
 165  147  0.6471
 165  162  1.0350
 165  177  1.0350
 165  192  1.0350
 165  207  0.1286
 165  206  0.9064
 165  221  1.0339
 166    1  0.8454
 166    2  0.3935
 166   17  1.2401
 166   32  0.0573
 166   33  1.1829
 166   48  0.5080
 166   49  0.7321
 166   64  0.9587
 166   65  0.2814
 166   80  1.2401
 166   95  0.1693
 166   96  1.0708
 166  111  0.6201
 166  112  0.6201
 166  127  1.0708
 166  128  0.1693
 166  143  1.2401
 166  158  0.2814
 166  159  0.9587
 166  174  0.7321
 166  175  0.5080
 166  190  1.1829
 166  191  0.0573
 166  206  1.2401
 166  221  0.3935
 166  222  0.8454
 167    2  0.9013
 167    3  0.2994
 167   18  1.2019
 167   33  0.3013
 167   34  0.9006
 167   49  0.9020
 167   50  0.2999
 167   65  1.2019
 167   80  0.3008
 167   81  0.9011
 167   96  0.9015
 167   97  0.3004
 167  112  1.2019
 167  127  0.3004
 167  128  0.9015
 167  143  0.9011
 167  144  0.3008
 167  159  1.2019
 167  174  0.2999
 167  175  0.9020
 167  190  0.9006
 167  191  0.3013
 167  206  1.2019
 167  221  0.2994
 167  222  0.9013
 168    3  0.9717
 168    4  0.1933
 168   19  1.1662
 168   34  0.5839
 168   35  0.5823
 168   50  1.1662
 168   65  0.1949
 168   66  0.9713
 168   81  0.9721
 168   82  0.1941
 168   97  1.1662
 168  112  0.5831
 168  113  0.5831
 168  128  1.1662
 168  143  0.1941
 168  144  0.9721
 168  159  0.9713
 168  160  0.1949
 168  175  1.1662
 168  190  0.5823
 168  191  0.5839
 168  206  1.1662
 168  221  0.1933
 168  222  0.9717
 169    4  1.0624
 169    5  0.0698
 169   20  1.1334
 169   35  0.9216
 169   36  0.2118
 169   51  1.1334
 169   66  0.7796
 169   67  0.3538
 169   82  1.1334
 169   97  0.6377
 169   98  0.4957
 169  113  1.1334
 169  128  0.4957
 169  129  0.6377
 169  144  1.1334
 169  159  0.3538
 169  160  0.7796
 169  175  1.1334
 169  190  0.2118
 169  191  0.9216
 169  206  1.1334
 169  221  0.0698
 169  222  1.0624
 170    5  1.1025
 170   20  0.0798
 170   21  1.0238
 170   36  1.1036
 170   51  0.2371
 170   52  0.8664
 170   67  1.1036
 170   82  0.3944
 170   83  0.7091
 170   98  1.1036
 170  113  0.5518
 170  114  0.5518
 170  129  1.1036
 170  144  0.7091
 170  145  0.3944
 170  160  1.1036
 170  175  0.8664
 170  176  0.2371
 170  191  1.1036
 170  206  1.0238
 170  207  0.0798
 170  222  1.1025
 171    6  1.0760
 171   21  0.2702
 171   22  0.8069
 171   37  1.0771
 171   52  0.8083
 171   53  0.2687
 171   68  1.0771
 171   83  1.0771
 171   98  0.2694
 171   99  0.8076
 171  114  1.0771
 171  129  0.8076
 171  130  0.2694
 171  145  1.0771
 171  160  1.0771
 171  175  0.2687
 171  176  0.8083
 171  191  1.0771
 171  206  0.8069
 171  207  0.2702
 171  222  1.0760
 172    7  1.0531
 172   22  0.5279
 172   23  0.5262
 172   38  1.0541
 172   53  1.0541
 172   68  0.5275
 172   69  0.5266
 172   84  1.0541
 172   99  1.0541
 172  114  0.5271
 172  115  0.5271
 172  130  1.0541
 172  145  1.0541
 172  160  0.5266
 172  161  0.5275
 172  176  1.0541
 172  191  1.0541
 172  206  0.5262
 172  207  0.5279
 172  222  1.0531
 173    8  1.0339
 173   23  0.9064
 173   24  0.1286
 173   39  1.0350
 173   54  1.0350
 173   69  1.0350
 173   84  0.6471
 173   85  0.3878
 173  100  1.0350
 173  115  1.0350
 173  130  1.0350
 173  145  0.3878
 173  146  0.6471
 173  161  1.0350
 173  176  1.0350
 173  191  1.0350
 173  206  0.1286
 173  207  0.9064
 173  222  1.0339
 174    9  1.0188
 174   24  1.0198
 174   39  0.5106
 174   40  0.5092
 174   55  1.0198
 174   70  1.0198
 174   85  1.0198
 174  100  1.0198
 174  115  0.5099
 174  116  0.5099
 174  131  1.0198
 174  146  1.0198
 174  161  1.0198
 174  176  1.0198
 174  191  0.5092
 174  192  0.5106
 174  207  1.0198
 174  222  1.0188
 175   10  1.0078
 175   25  1.0089
 175   40  1.0089
 175   55  0.7571
 175   56  0.2517
 175   71  1.0089
 175   86  1.0089
 175  101  1.0089
 175  116  1.0089
 175  131  1.0089
 175  146  1.0089
 175  161  1.0089
 175  176  0.2517
 175  177  0.7571
 175  192  1.0089
 175  207  1.0089
 175  222  1.0078
 176   11  1.0012
 176   26  1.0022
 176   41  1.0022
 176   56  1.0022
 176   71  1.0022
 176   86  1.0022
 176  101  1.0022
 176  116  0.5011
 176  117  0.5011
 176  132  1.0022
 176  147  1.0022
 176  162  1.0022
 176  177  1.0022
 176  192  1.0022
 176  207  1.0022
 176  222  1.0012
 177   12  0.9990
 177   27  1.0000
 177   42  1.0000
 177   57  1.0000
 177   72  1.0000
 177   87  1.0000
 177  102  1.0000
 177  117  1.0000
 177  132  1.0000
 177  147  1.0000
 177  162  1.0000
 177  177  1.0000
 177  192  1.0000
 177  207  1.0000
 177  222  0.9990
 178   13  1.0012
 178   28  1.0022
 178   43  1.0022
 178   58  1.0022
 178   73  1.0022
 178   88  1.0022
 178  103  1.0022
 178  118  0.5011
 178  117  0.5011
 178  132  1.0022
 178  147  1.0022
 178  162  1.0022
 178  177  1.0022
 178  192  1.0022
 178  207  1.0022
 178  222  1.0012
 179   14  1.0078
 179   29  1.0089
 179   44  1.0089
 179   59  0.7571
 179   58  0.2517
 179   73  1.0089
 179   88  1.0089
 179  103  1.0089
 179  118  1.0089
 179  133  1.0089
 179  148  1.0089
 179  163  1.0089
 179  178  0.2517
 179  177  0.7571
 179  192  1.0089
 179  207  1.0089
 179  222  1.0078
 180   15  1.0188
 180   30  1.0198
 180   45  0.5106
 180   44  0.5092
 180   59  1.0198
 180   74  1.0198
 180   89  1.0198
 180  104  1.0198
 180  119  0.5099
 180  118  0.5099
 180  133  1.0198
 180  148  1.0198
 180  163  1.0198
 180  178  1.0198
 180  193  0.5092
 180  192  0.5106
 180  207  1.0198
 180  222  1.0188
 181    1  0.8003
 181    2  0.4791
 181   17  1.1216
 181   18  0.1591
 181   33  1.2807
 181   48  0.1608
 181   49  1.1199
 181   64  0.4808
 181   65  0.7999
 181   80  0.8008
 181   81  0.4799
 181   96  1.1207
 181   97  0.1600
 181  112  1.2807
 181  127  0.1600
 181  128  1.1207
 181  143  0.4799
 181  144  0.8008
 181  159  0.7999
 181  160  0.4808
 181  175  1.1199
 181  176  0.1608
 181  191  1.2807
 181  206  0.1591
 181  207  1.1216
 181  222  0.4791
 181  223  0.8003
 182    2  0.8454
 182    3  0.3935
 182   18  1.2401
 182   33  0.0573
 182   34  1.1829
 182   49  0.5080
 182   50  0.7321
 182   65  0.9587
 182   66  0.2814
 182   81  1.2401
 182   96  0.1693
 182   97  1.0708
 182  112  0.6201
 182  113  0.6201
 182  128  1.0708
 182  129  0.1693
 182  144  1.2401
 182  159  0.2814
 182  160  0.9587
 182  175  0.7321
 182  176  0.5080
 182  191  1.1829
 182  192  0.0573
 182  207  1.2401
 182  222  0.3935
 182  223  0.8454
 183    3  0.9013
 183    4  0.2994
 183   19  1.2019
 183   34  0.3013
 183   35  0.9006
 183   50  0.9020
 183   51  0.2999
 183   66  1.2019
 183   81  0.3008
 183   82  0.9011
 183   97  0.9015
 183   98  0.3004
 183  113  1.2019
 183  128  0.3004
 183  129  0.9015
 183  144  0.9011
 183  145  0.3008
 183  160  1.2019
 183  175  0.2999
 183  176  0.9020
 183  191  0.9006
 183  192  0.3013
 183  207  1.2019
 183  222  0.2994
 183  223  0.9013
 184    4  0.9717
 184    5  0.1933
 184   20  1.1662
 184   35  0.5839
 184   36  0.5823
 184   51  1.1662
 184   66  0.1949
 184   67  0.9713
 184   82  0.9721
 184   83  0.1941
 184   98  1.1662
 184  113  0.5831
 184  114  0.5831
 184  129  1.1662
 184  144  0.1941
 184  145  0.9721
 184  160  0.9713
 184  161  0.1949
 184  176  1.1662
 184  191  0.5823
 184  192  0.5839
 184  207  1.1662
 184  222  0.1933
 184  223  0.9717
 185    5  1.0624
 185    6  0.0698
 185   21  1.1334
 185   36  0.9216
 185   37  0.2118
 185   52  1.1334
 185   67  0.7796
 185   68  0.3538
 185   83  1.1334
 185   98  0.6377
 185   99  0.4957
 185  114  1.1334
 185  129  0.4957
 185  130  0.6377
 185  145  1.1334
 185  160  0.3538
 185  161  0.7796
 185  176  1.1334
 185  191  0.2118
 185  192  0.9216
 185  207  1.1334
 185  222  0.0698
 185  223  1.0624
 186    6  1.1025
 186   21  0.0798
 186   22  1.0238
 186   37  1.1036
 186   52  0.2371
 186   53  0.8664
 186   68  1.1036
 186   83  0.3944
 186   84  0.7091
 186   99  1.1036
 186  114  0.5518
 186  115  0.5518
 186  130  1.1036
 186  145  0.7091
 186  146  0.3944
 186  161  1.1036
 186  176  0.8664
 186  177  0.2371
 186  192  1.1036
 186  207  1.0238
 186  208  0.0798
 186  223  1.1025
 187    7  1.0760
 187   22  0.2702
 187   23  0.8069
 187   38  1.0771
 187   53  0.8083
 187   54  0.2687
 187   69  1.0771
 187   84  1.0771
 187   99  0.2694
 187  100  0.8076
 187  115  1.0771
 187  130  0.8076
 187  131  0.2694
 187  146  1.0771
 187  161  1.0771
 187  176  0.2687
 187  177  0.8083
 187  192  1.0771
 187  207  0.8069
 187  208  0.2702
 187  223  1.0760
 188    8  1.0531
 188   23  0.5279
 188   24  0.5262
 188   39  1.0541
 188   54  1.0541
 188   69  0.5275
 188   70  0.5266
 188   85  1.0541
 188  100  1.0541
 188  115  0.5271
 188  116  0.5271
 188  131  1.0541
 188  146  1.0541
 188  161  0.5266
 188  162  0.5275
 188  177  1.0541
 188  192  1.0541
 188  207  0.5262
 188  208  0.5279
 188  223  1.0531
 189    9  1.0339
 189   24  0.9064
 189   25  0.1286
 189   40  1.0350
 189   55  1.0350
 189   70  1.0350
 189   85  0.6471
 189   86  0.3878
 189  101  1.0350
 189  116  1.0350
 189  131  1.0350
 189  146  0.3878
 189  147  0.6471
 189  162  1.0350
 189  177  1.0350
 189  192  1.0350
 189  207  0.1286
 189  208  0.9064
 189  223  1.0339
 190   10  1.0188
 190   25  1.0198
 190   40  0.5106
 190   41  0.5092
 190   56  1.0198
 190   71  1.0198
 190   86  1.0198
 190  101  1.0198
 190  116  0.5099
 190  117  0.5099
 190  132  1.0198
 190  147  1.0198
 190  162  1.0198
 190  177  1.0198
 190  192  0.5092
 190  193  0.5106
 190  208  1.0198
 190  223  1.0188
 191   11  1.0078
 191   26  1.0089
 191   41  1.0089
 191   56  0.7571
 191   57  0.2517
 191   72  1.0089
 191   87  1.0089
 191  102  1.0089
 191  117  1.0089
 191  132  1.0089
 191  147  1.0089
 191  162  1.0089
 191  177  0.2517
 191  178  0.7571
 191  193  1.0089
 191  208  1.0089
 191  223  1.0078
 192   12  1.0012
 192   27  1.0022
 192   42  1.0022
 192   57  1.0022
 192   72  1.0022
 192   87  1.0022
 192  102  1.0022
 192  117  0.5011
 192  118  0.5011
 192  133  1.0022
 192  148  1.0022
 192  163  1.0022
 192  178  1.0022
 192  193  1.0022
 192  208  1.0022
 192  223  1.0012
 193   13  0.9990
 193   28  1.0000
 193   43  1.0000
 193   58  1.0000
 193   73  1.0000
 193   88  1.0000
 193  103  1.0000
 193  118  1.0000
 193  133  1.0000
 193  148  1.0000
 193  163  1.0000
 193  178  1.0000
 193  193  1.0000
 193  208  1.0000
 193  223  0.9990
 194   14  1.0012
 194   29  1.0022
 194   44  1.0022
 194   59  1.0022
 194   74  1.0022
 194   89  1.0022
 194  104  1.0022
 194  119  0.5011
 194  118  0.5011
 194  133  1.0022
 194  148  1.0022
 194  163  1.0022
 194  178  1.0022
 194  193  1.0022
 194  208  1.0022
 194  223  1.0012
 195   15  1.0078
 195   30  1.0089
 195   45  1.0089
 195   60  0.7571
 195   59  0.2517
 195   74  1.0089
 195   89  1.0089
 195  104  1.0089
 195  119  1.0089
 195  134  1.0089
 195  149  1.0089
 195  164  1.0089
 195  179  0.2517
 195  178  0.7571
 195  193  1.0089
 195  208  1.0089
 195  223  1.0078
 196    1  0.7634
 196    2  0.5587
 196   17  0.9681
 196   18  0.3553
 196   33  1.1715
 196   34  0.1519
 196   49  1.3234
 196   64  0.0515
 196   65  1.2719
 196   80  0.2549
 196   81  1.0685
 196   96  0.4583
 196   97  0.8651
 196  112  0.6617
 196  113  0.6617
 196  128  0.8651
 196  129  0.4583
 196  144  1.0685
 196  145  0.2549
 196  160  1.2719
 196  161  0.0515
 196  176  1.3234
 196  191  0.1519
 196  192  1.1715
 196  207  0.3553
 196  208  0.9681
 196  223  0.5587
 196  224  0.7634
 197    2  0.8003
 197    3  0.4791
 197   18  1.1216
 197   19  0.1591
 197   34  1.2807
 197   49  0.1608
 197   50  1.1199
 197   65  0.4808
 197   66  0.7999
 197   81  0.8008
 197   82  0.4799
 197   97  1.1207
 197   98  0.1600
 197  113  1.2807
 197  128  0.1600
 197  129  1.1207
 197  144  0.4799
 197  145  0.8008
 197  160  0.7999
 197  161  0.4808
 197  176  1.1199
 197  177  0.1608
 197  192  1.2807
 197  207  0.1591
 197  208  1.1216
 197  223  0.4791
 197  224  0.8003
 198    3  0.8454
 198    4  0.3935
 198   19  1.2401
 198   34  0.0573
 198   35  1.1829
 198   50  0.5080
 198   51  0.7321
 198   66  0.9587
 198   67  0.2814
 198   82  1.2401
 198   97  0.1693
 198   98  1.0708
 198  113  0.6201
 198  114  0.6201
 198  129  1.0708
 198  130  0.1693
 198  145  1.2401
 198  160  0.2814
 198  161  0.9587
 198  176  0.7321
 198  177  0.5080
 198  192  1.1829
 198  193  0.0573
 198  208  1.2401
 198  223  0.3935
 198  224  0.8454
 199    4  0.9013
 199    5  0.2994
 199   20  1.2019
 199   35  0.3013
 199   36  0.9006
 199   51  0.9020
 199   52  0.2999
 199   67  1.2019
 199   82  0.3008
 199   83  0.9011
 199   98  0.9015
 199   99  0.3004
 199  114  1.2019
 199  129  0.3004
 199  130  0.9015
 199  145  0.9011
 199  146  0.3008
 199  161  1.2019
 199  176  0.2999
 199  177  0.9020
 199  192  0.9006
 199  193  0.3013
 199  208  1.2019
 199  223  0.2994
 199  224  0.9013
 200    5  0.9717
 200    6  0.1933
 200   21  1.1662
 200   36  0.5839
 200   37  0.5823
 200   52  1.1662
 200   67  0.1949
 200   68  0.9713
 200   83  0.9721
 200   84  0.1941
 200   99  1.1662
 200  114  0.5831
 200  115  0.5831
 200  130  1.1662
 200  145  0.1941
 200  146  0.9721
 200  161  0.9713
 200  162  0.1949
 200  177  1.1662
 200  192  0.5823
 200  193  0.5839
 200  208  1.1662
 200  223  0.1933
 200  224  0.9717
 201    6  1.0624
 201    7  0.0698
 201   22  1.1334
 201   37  0.9216
 201   38  0.2118
 201   53  1.1334
 201   68  0.7796
 201   69  0.3538
 201   84  1.1334
 201   99  0.6377
 201  100  0.4957
 201  115  1.1334
 201  130  0.4957
 201  131  0.6377
 201  146  1.1334
 201  161  0.3538
 201  162  0.7796
 201  177  1.1334
 201  192  0.2118
 201  193  0.9216
 201  208  1.1334
 201  223  0.0698
 201  224  1.0624
 202    7  1.1025
 202   22  0.0798
 202   23  1.0238
 202   38  1.1036
 202   53  0.2371
 202   54  0.8664
 202   69  1.1036
 202   84  0.3944
 202   85  0.7091
 202  100  1.1036
 202  115  0.5518
 202  116  0.5518
 202  131  1.1036
 202  146  0.7091
 202  147  0.3944
 202  162  1.1036
 202  177  0.8664
 202  178  0.2371
 202  193  1.1036
 202  208  1.0238
 202  209  0.0798
 202  224  1.1025
 203    8  1.0760
 203   23  0.2702
 203   24  0.8069
 203   39  1.0771
 203   54  0.8083
 203   55  0.2687
 203   70  1.0771
 203   85  1.0771
 203  100  0.2694
 203  101  0.8076
 203  116  1.0771
 203  131  0.8076
 203  132  0.2694
 203  147  1.0771
 203  162  1.0771
 203  177  0.2687
 203  178  0.8083
 203  193  1.0771
 203  208  0.8069
 203  209  0.2702
 203  224  1.0760
 204    9  1.0531
 204   24  0.5279
 204   25  0.5262
 204   40  1.0541
 204   55  1.0541
 204   70  0.5275
 204   71  0.5266
 204   86  1.0541
 204  101  1.0541
 204  116  0.5271
 204  117  0.5271
 204  132  1.0541
 204  147  1.0541
 204  162  0.5266
 204  163  0.5275
 204  178  1.0541
 204  193  1.0541
 204  208  0.5262
 204  209  0.5279
 204  224  1.0531
 205   10  1.0339
 205   25  0.9064
 205   26  0.1286
 205   41  1.0350
 205   56  1.0350
 205   71  1.0350
 205   86  0.6471
 205   87  0.3878
 205  102  1.0350
 205  117  1.0350
 205  132  1.0350
 205  147  0.3878
 205  148  0.6471
 205  163  1.0350
 205  178  1.0350
 205  193  1.0350
 205  208  0.1286
 205  209  0.9064
 205  224  1.0339
 206   11  1.0188
 206   26  1.0198
 206   41  0.5106
 206   42  0.5092
 206   57  1.0198
 206   72  1.0198
 206   87  1.0198
 206  102  1.0198
 206  117  0.5099
 206  118  0.5099
 206  133  1.0198
 206  148  1.0198
 206  163  1.0198
 206  178  1.0198
 206  193  0.5092
 206  194  0.5106
 206  209  1.0198
 206  224  1.0188
 207   12  1.0078
 207   27  1.0089
 207   42  1.0089
 207   57  0.7571
 207   58  0.2517
 207   73  1.0089
 207   88  1.0089
 207  103  1.0089
 207  118  1.0089
 207  133  1.0089
 207  148  1.0089
 207  163  1.0089
 207  178  0.2517
 207  179  0.7571
 207  194  1.0089
 207  209  1.0089
 207  224  1.0078
 208   13  1.0012
 208   28  1.0022
 208   43  1.0022
 208   58  1.0022
 208   73  1.0022
 208   88  1.0022
 208  103  1.0022
 208  118  0.5011
 208  119  0.5011
 208  134  1.0022
 208  149  1.0022
 208  164  1.0022
 208  179  1.0022
 208  194  1.0022
 208  209  1.0022
 208  224  1.0012
 209   14  0.9990
 209   29  1.0000
 209   44  1.0000
 209   59  1.0000
 209   74  1.0000
 209   89  1.0000
 209  104  1.0000
 209  119  1.0000
 209  134  1.0000
 209  149  1.0000
 209  164  1.0000
 209  179  1.0000
 209  194  1.0000
 209  209  1.0000
 209  224  0.9990
 210   15  1.0012
 210   30  1.0022
 210   45  1.0022
 210   60  1.0022
 210   75  1.0022
 210   90  1.0022
 210  105  1.0022
 210  120  0.5011
 210  119  0.5011
 210  134  1.0022
 210  149  1.0022
 210  164  1.0022
 210  179  1.0022
 210  194  1.0022
 210  209  1.0022
 210  224  1.0012
 211    1  0.7327
 211    2  0.6339
 211   17  0.8316
 211   18  0.5363
 211   33  0.9291
 211   34  0.4388
 211   49  1.0267
 211   50  0.3413
 211   65  1.1242
 211   66  0.2438
 211   81  1.2217
 211   82  0.1463
 211   97  1.3192
 211   98  0.0488
 211  113  1.3680
 211  128  0.0488
 211  129  1.3192
 211  144  0.1463
 211  145  1.2217
 211  160  0.2438
 211  161  1.1242
 211  176  0.3413
 211  177  1.0267
 211  192  0.4388
 211  193  0.9291
 211  208  0.5363
 211  209  0.8316
 211  224  0.6339
 211  225  0.7327
 212    2  0.7634
 212    3  0.5587
 212   18  0.9681
 212   19  0.3553
 212   34  1.1715
 212   35  0.1519
 212   50  1.3234
 212   65  0.0515
 212   66  1.2719
 212   81  0.2549
 212   82  1.0685
 212   97  0.4583
 212   98  0.8651
 212  113  0.6617
 212  114  0.6617
 212  129  0.8651
 212  130  0.4583
 212  145  1.0685
 212  146  0.2549
 212  161  1.2719
 212  162  0.0515
 212  177  1.3234
 212  192  0.1519
 212  193  1.1715
 212  208  0.3553
 212  209  0.9681
 212  224  0.5587
 212  225  0.7634
 213    3  0.8003
 213    4  0.4791
 213   19  1.1216
 213   20  0.1591
 213   35  1.2807
 213   50  0.1608
 213   51  1.1199
 213   66  0.4808
 213   67  0.7999
 213   82  0.8008
 213   83  0.4799
 213   98  1.1207
 213   99  0.1600
 213  114  1.2807
 213  129  0.1600
 213  130  1.1207
 213  145  0.4799
 213  146  0.8008
 213  161  0.7999
 213  162  0.4808
 213  177  1.1199
 213  178  0.1608
 213  193  1.2807
 213  208  0.1591
 213  209  1.1216
 213  224  0.4791
 213  225  0.8003
 214    4  0.8454
 214    5  0.3935
 214   20  1.2401
 214   35  0.0573
 214   36  1.1829
 214   51  0.5080
 214   52  0.7321
 214   67  0.9587
 214   68  0.2814
 214   83  1.2401
 214   98  0.1693
 214   99  1.0708
 214  114  0.6201
 214  115  0.6201
 214  130  1.0708
 214  131  0.1693
 214  146  1.2401
 214  161  0.2814
 214  162  0.9587
 214  177  0.7321
 214  178  0.5080
 214  193  1.1829
 214  194  0.0573
 214  209  1.2401
 214  224  0.3935
 214  225  0.8454
 215    5  0.9013
 215    6  0.2994
 215   21  1.2019
 215   36  0.3013
 215   37  0.9006
 215   52  0.9020
 215   53  0.2999
 215   68  1.2019
 215   83  0.3008
 215   84  0.9011
 215   99  0.9015
 215  100  0.3004
 215  115  1.2019
 215  130  0.3004
 215  131  0.9015
 215  146  0.9011
 215  147  0.3008
 215  162  1.2019
 215  177  0.2999
 215  178  0.9020
 215  193  0.9006
 215  194  0.3013
 215  209  1.2019
 215  224  0.2994
 215  225  0.9013
 216    6  0.9717
 216    7  0.1933
 216   22  1.1662
 216   37  0.5839
 216   38  0.5823
 216   53  1.1662
 216   68  0.1949
 216   69  0.9713
 216   84  0.9721
 216   85  0.1941
 216  100  1.1662
 216  115  0.5831
 216  116  0.5831
 216  131  1.1662
 216  146  0.1941
 216  147  0.9721
 216  162  0.9713
 216  163  0.1949
 216  178  1.1662
 216  193  0.5823
 216  194  0.5839
 216  209  1.1662
 216  224  0.1933
 216  225  0.9717
 217    7  1.0624
 217    8  0.0698
 217   23  1.1334
 217   38  0.9216
 217   39  0.2118
 217   54  1.1334
 217   69  0.7796
 217   70  0.3538
 217   85  1.1334
 217  100  0.6377
 217  101  0.4957
 217  116  1.1334
 217  131  0.4957
 217  132  0.6377
 217  147  1.1334
 217  162  0.3538
 217  163  0.7796
 217  178  1.1334
 217  193  0.2118
 217  194  0.9216
 217  209  1.1334
 217  224  0.0698
 217  225  1.0624
 218    8  1.1025
 218   23  0.0798
 218   24  1.0238
 218   39  1.1036
 218   54  0.2371
 218   55  0.8664
 218   70  1.1036
 218   85  0.3944
 218   86  0.7091
 218  101  1.1036
 218  116  0.5518
 218  117  0.5518
 218  132  1.1036
 218  147  0.7091
 218  148  0.3944
 218  163  1.1036
 218  178  0.8664
 218  179  0.2371
 218  194  1.1036
 218  209  1.0238
 218  210  0.0798
 218  225  1.1025
 219    9  1.0760
 219   24  0.2702
 219   25  0.8069
 219   40  1.0771
 219   55  0.8083
 219   56  0.2687
 219   71  1.0771
 219   86  1.0771
 219  101  0.2694
 219  102  0.8076
 219  117  1.0771
 219  132  0.8076
 219  133  0.2694
 219  148  1.0771
 219  163  1.0771
 219  178  0.2687
 219  179  0.8083
 219  194  1.0771
 219  209  0.8069
 219  210  0.2702
 219  225  1.0760
 220   10  1.0531
 220   25  0.5279
 220   26  0.5262
 220   41  1.0541
 220   56  1.0541
 220   71  0.5275
 220   72  0.5266
 220   87  1.0541
 220  102  1.0541
 220  117  0.5271
 220  118  0.5271
 220  133  1.0541
 220  148  1.0541
 220  163  0.5266
 220  164  0.5275
 220  179  1.0541
 220  194  1.0541
 220  209  0.5262
 220  210  0.5279
 220  225  1.0531
 221   11  1.0339
 221   26  0.9064
 221   27  0.1286
 221   42  1.0350
 221   57  1.0350
 221   72  1.0350
 221   87  0.6471
 221   88  0.3878
 221  103  1.0350
 221  118  1.0350
 221  133  1.0350
 221  148  0.3878
 221  149  0.6471
 221  164  1.0350
 221  179  1.0350
 221  194  1.0350
 221  209  0.1286
 221  210  0.9064
 221  225  1.0339
 222   12  1.0188
 222   27  1.0198
 222   42  0.5106
 222   43  0.5092
 222   58  1.0198
 222   73  1.0198
 222   88  1.0198
 222  103  1.0198
 222  118  0.5099
 222  119  0.5099
 222  134  1.0198
 222  149  1.0198
 222  164  1.0198
 222  179  1.0198
 222  194  0.5092
 222  195  0.5106
 222  210  1.0198
 222  225  1.0188
 223   13  1.0078
 223   28  1.0089
 223   43  1.0089
 223   58  0.7571
 223   59  0.2517
 223   74  1.0089
 223   89  1.0089
 223  104  1.0089
 223  119  1.0089
 223  134  1.0089
 223  149  1.0089
 223  164  1.0089
 223  179  0.2517
 223  180  0.7571
 223  195  1.0089
 223  210  1.0089
 223  225  1.0078
 224   14  1.0012
 224   29  1.0022
 224   44  1.0022
 224   59  1.0022
 224   74  1.0022
 224   89  1.0022
 224  104  1.0022
 224  119  0.5011
 224  120  0.5011
 224  135  1.0022
 224  150  1.0022
 224  165  1.0022
 224  180  1.0022
 224  195  1.0022
 224  210  1.0022
 224  225  1.0012
 225   15  0.9990
 225   30  1.0000
 225   45  1.0000
 225   60  1.0000
 225   75  1.0000
 225   90  1.0000
 225  105  1.0000
 225  120  1.0000
 225  135  1.0000
 225  150  1.0000
 225  165  1.0000
 225  180  1.0000
 225  195  1.0000
 225  210  1.0000
 225  225  0.9990
