    16.109
    17.025
    16.673
    16.063
    18.182
    17.539
    19.030
    19.242
    19.807
    20.689
    20.784
    21.514
    22.419
    23.249
    23.473
    16.080
    17.033
    16.019
    16.979
    17.462
    17.472
    18.859
    18.499
    19.405
    19.881
    20.614
    21.007
    21.584
    22.421
    22.611
    16.087
    16.581
    16.365
    16.920
    16.953
    17.569
    17.571
    18.360
    18.699
    19.232
    20.073
    19.930
    21.307
    21.568
    22.136
    16.727
    17.060
    16.371
    17.028
    16.389
    17.057
    17.693
    18.126
    18.387
    18.968
    19.289
    19.924
    20.077
    20.559
    21.503
    17.036
    17.246
    16.162
    16.949
    16.483
    16.467
    17.381
    17.491
    17.842
    18.583
    19.217
    18.724
    18.896
    19.825
    20.105
    17.953
    16.821
    16.978
    16.580
    16.283
    16.795
    17.611
    17.533
    17.920
    17.952
    18.314
    17.451
    18.323
    18.980
    20.066
    18.010
    16.817
    17.272
    16.086
    16.174
    16.159
    17.794
    17.391
    17.966
    17.575
    16.623
    16.890
    18.569
    19.013
    19.753
    18.817
    17.623
    17.810
    16.579
    16.391
    16.733
    17.822
    17.733
    17.658
    16.294
    16.509
    17.427
    18.548
    18.992
    19.271
    19.549
    18.478
    18.082
    16.319
    16.683
    17.370
    17.435
    16.120
    16.297
    15.809
    17.229
    17.689
    17.801
    18.467
    18.390
    19.710
    18.847
    17.957
    17.099
    17.589
    17.269
    16.382
    15.939
    17.401
    17.027
    17.130
    16.894
    16.484
    16.625
    16.974
    20.470
    19.419
    17.964
    17.499
    17.266
    16.437
    16.443
    16.391
    15.562
    15.016
    15.327
    15.255
    15.810
    16.169
    16.439
    20.441
    18.769
    16.816
    16.178
    16.266
    15.937
    16.084
    16.178
    16.309
    16.972
    17.227
    16.947
    17.410
    15.753
    15.531
    20.396
    18.706
    16.995
    17.214
    17.820
    17.088
    17.421
    17.969
    17.137
    16.491
    16.382
    14.760
    14.928
    15.095
    16.697
    20.537
    19.123
    17.387
    17.877
    18.893
    17.782
    17.162
    16.971
    16.886
    16.171
    15.688
    15.865
    17.240
    17.095
    17.570
    20.382
    18.430
    17.208
    18.895
    18.135
    17.838
    17.735
    17.860
    17.115
    16.969
    16.610
    16.284
    16.630
    15.993
    16.075
