    11.793
    17.400
     1.392
     4.947
    12.925
    15.191
    18.723
    18.172
    18.110
    15.592
    16.505
    11.235
     6.873
    16.864
     9.584
    14.704
    18.419
    17.196
     8.265
     6.414
    20.420
    16.578
    16.499
     6.048
    20.454
     4.241
    15.933
    15.580
    15.809
    17.572
    17.728
    17.017
     9.353
    12.923
    15.397
    15.959
    17.377
    16.526
    18.771
    11.852
     9.403
     9.385
    17.186
     4.550
    17.331
    14.923
    17.124
    14.242
    14.021
    13.221
