     0.880
     1.796
     3.599
     5.020
     6.050
     8.028
     9.422
    10.513
    12.001
    13.361
    14.668
    16.295
    17.366
    19.458
    20.277
     2.240
     3.235
     4.095
     5.305
     6.431
     8.054
     9.003
    10.885
    12.488
    13.290
    15.062
    16.549
    17.226
    18.655
    20.550
     3.468
     4.252
     5.152
     6.198
     7.528
     8.623
    10.046
    10.765
    12.397
    13.712
    14.646
    16.353
    17.274
    19.145
    19.848
     4.777
     5.058
     5.421
     5.960
     7.476
     8.058
     9.318
    10.198
    11.435
    12.127
    12.801
    14.054
    14.937
    16.263
    17.364
     5.432
     5.611
     6.450
     6.371
     7.317
     7.930
     8.614
     9.471
    10.267
    11.565
    12.870
    14.002
    15.085
    15.892
    16.451
     6.165
     6.455
     6.888
     7.453
     7.146
     8.074
     8.867
     9.703
    10.352
    11.953
    13.266
    13.766
    14.177
    15.022
    15.521
     7.116
     7.204
     7.339
     7.272
     7.893
     8.145
     9.244
    10.066
    10.998
    12.328
    12.809
    12.757
    13.764
    14.186
    15.752
     7.875
     7.958
     7.969
     7.707
     8.301
     8.631
     9.262
    10.973
    11.801
    12.282
    12.853
    12.620
    13.131
    14.691
    16.337
     8.746
     8.997
     8.775
     8.643
     9.097
     9.343
     9.865
    11.701
    12.305
    12.670
    13.151
    13.358
    14.051
    16.086
    17.237
    10.082
    10.104
     9.858
     9.373
    10.050
    10.430
    10.954
    12.481
    13.497
    13.437
    13.630
    14.365
    15.760
    16.775
    17.829
    10.531
    10.640
    10.902
    10.338
    10.787
    11.122
    12.043
    13.593
    13.882
    13.809
    14.540
    14.803
    16.099
    17.207
    18.493
    11.397
    11.293
    10.812
    11.164
    11.833
    12.129
    12.554
    13.863
    14.292
    14.075
    14.384
    15.344
    16.212
    17.704
    18.766
    11.842
    12.127
    12.060
    12.313
    11.722
    12.351
    14.040
    14.304
    14.438
    14.835
    15.280
    15.782
    17.459
    18.480
    20.317
    12.572
    12.441
    12.382
    12.745
    12.527
    13.415
    14.332
    15.065
    14.873
    15.146
    14.690
    16.191
    17.939
    19.507
    21.505
    13.199
    12.839
    12.688
    13.379
    13.530
    14.070
    15.303
    14.949
    15.386
    15.335
    15.742
    17.273
    19.511
    20.745
    22.084
    13.524
    13.730
    13.018
    13.606
    13.700
    14.348
    15.351
    15.538
    15.626
    16.552
    16.655
    17.791
    19.836
    20.732
    21.471
    13.849
    13.697
    13.158
    13.735
    14.231
    13.839
    15.045
    15.251
    15.342
    15.309
    16.631
    17.841
    19.324
    20.663
    21.352
    13.786
    13.511
    12.882
    13.352
    13.990
    14.243
    14.568
    15.392
    15.033
    15.641
    16.347
    17.546
    19.297
    20.241
    20.729
    13.814
    14.082
    13.314
    13.711
    13.594
    14.231
    14.377
    15.215
    15.009
    15.397
    17.030
    17.851
    18.745
    19.531
    20.224
    14.773
    14.299
    14.240
    13.692
    13.863
    14.377
    14.859
    15.625
    15.057
    15.615
    17.162
    17.555
    17.929
    18.929
    19.905
    14.742
    14.314
    14.036
    13.856
    14.876
    15.094
    15.265
    14.750
    15.437
    15.523
    16.311
    17.424
    17.554
    18.954
    19.384
    15.210
    14.441
    14.448
    14.790
    14.628
    15.641
    15.217
    15.152
    15.081
    15.137
    16.097
    16.865
    17.493
    17.548
    18.645
    16.423
    15.424
    15.663
    15.281
    15.229
    15.497
    14.519
    15.116
    15.060
    14.907
    15.743
    16.274
    17.062
    17.649
    17.950
    16.597
    16.164
    15.948
    15.360
    16.065
    15.507
    16.056
    14.607
    14.418
    15.835
    15.746
    16.228
    16.846
    16.678
    17.906
    17.363
    16.727
    16.547
    15.388
    15.812
    16.016
    15.700
    14.848
    14.461
    15.317
    16.267
    16.649
    16.724
    16.243
    16.863
    18.006
    17.043
    16.288
    15.755
    16.472
    16.397
    15.805
    15.046
    15.215
    15.507
    15.376
    16.499
    16.417
    15.855
    16.287
    18.383
    17.522
    17.006
    16.188
    16.868
    16.405
    15.018
    14.767
    15.708
    15.371
    15.514
    16.068
    16.226
    16.033
    15.771
    18.928
    17.982
    17.092
    17.309
    16.871
    16.765
    15.574
    15.807
    15.920
    16.189
    15.946
    15.404
    15.815
    15.952
    15.745
    18.997
    18.257
    17.544
    17.269
    17.938
    16.969
    16.107
    16.133
    16.111
    16.095
    15.512
    15.627
    15.681
    15.787
    15.526
    18.715
    19.195
    18.447
    19.033
    17.724
    17.004
    16.572
    16.926
    16.529
    16.043
    15.380
    15.799
    15.649
    15.286
    15.056
    20.282
    18.954
    17.388
    15.938
    14.842
    13.212
    11.976
    10.282
     9.088
     7.916
     6.114
     4.983
     3.509
     2.193
     0.898
    19.635
    18.827
    17.921
    16.398
    14.754
    13.298
    12.144
    10.610
     9.205
     7.994
     6.952
     4.699
     4.226
     2.716
     2.448
    18.500
    17.729
    16.483
    15.048
    13.794
    12.255
    11.244
    10.229
     9.422
     7.947
     7.280
     5.797
     4.270
     3.791
     3.252
    19.128
    17.801
    16.396
    14.898
    13.686
    11.970
    11.236
     9.756
     9.000
     8.250
     7.308
     6.272
     5.902
     5.245
     4.651
    18.554
    17.293
    16.391
    15.181
    14.374
    13.048
    12.305
    10.818
     9.798
     8.955
     8.151
     7.402
     7.020
     6.036
     5.899
    19.517
    18.102
    16.864
    15.982
    14.756
    13.774
    12.638
    11.543
    10.656
     9.619
     9.450
     8.413
     7.615
     7.337
     7.210
    19.297
    17.812
    16.905
    15.824
    14.950
    14.526
    13.206
    12.245
    10.833
     9.989
    10.111
     9.077
     8.545
     8.160
     7.750
    19.126
    18.392
    16.858
    15.655
    14.596
    14.185
    13.054
    12.482
    11.295
    10.993
    10.760
    10.250
     9.776
     8.620
     9.126
    18.382
    18.306
    17.795
    16.419
    15.538
    14.739
    14.052
    13.665
    12.730
    11.394
    11.420
    10.720
    10.923
    10.379
     9.987
    18.324
    17.983
    18.150
    17.058
    15.963
    14.885
    14.785
    15.035
    13.366
    12.138
    12.324
    11.469
    11.720
    10.847
    11.294
    18.953
    18.573
    18.450
    17.286
    16.585
    15.795
    14.812
    14.843
    14.234
    13.059
    12.707
    12.790
    12.486
    12.302
    12.303
    19.209
    18.083
    18.278
    17.704
    16.770
    16.524
    15.577
    14.878
    14.590
    14.442
    13.766
    13.419
    13.175
    12.884
    12.879
    19.323
    18.636
    18.179
    17.840
    17.469
    16.134
    16.406
    16.002
    15.049
    14.097
    14.236
    13.924
    13.909
    13.691
    13.350
    19.150
    18.963
    18.403
    18.444
    17.902
    16.774
    16.678
    16.547
    15.725
    15.397
    14.887
    14.571
    14.800
    14.191
    13.933
    19.694
    19.205
    19.012
    18.271
    17.828
    17.048
    17.438
    17.196
    16.465
    16.102
    15.799
    15.594
    15.174
    15.232
    14.933
    12.949
    11.579
    10.239
     8.908
     8.249
     7.488
     6.455
     6.146
     4.731
     3.838
     2.877
     2.740
     1.614
     0.675
     0.697
    13.429
    11.839
    10.307
     8.961
     8.195
     7.899
     7.091
     5.864
     5.333
     4.199
     3.227
     2.457
     2.112
     1.029
     0.713
    13.695
    11.778
    11.058
     9.251
     8.574
     7.985
     6.938
     6.088
     5.714
     4.175
     3.805
     2.882
     2.660
     2.252
     1.577
    13.505
    12.241
    10.328
     9.602
     8.739
     7.685
     7.176
     6.470
     5.407
     4.251
     3.763
     3.463
     2.579
     2.981
     2.324
    13.566
    12.519
    11.266
     9.784
     9.069
     8.291
     7.623
     7.101
     6.126
     5.356
     4.581
     4.023
     3.673
     3.074
     2.933
    14.435
    13.154
    11.455
    10.693
     9.658
     9.459
     8.082
     6.988
     6.645
     5.781
     4.845
     4.621
     4.079
     3.995
     3.970
    15.206
    13.660
    11.398
    11.089
    10.384
     9.448
     8.867
     8.016
     7.396
     6.500
     5.773
     4.753
     4.626
     4.840
     4.319
    15.542
    14.379
    12.832
    12.025
    10.590
    10.121
     8.926
     8.194
     7.706
     6.728
     5.839
     5.720
     5.387
     5.129
     5.323
    15.855
    14.904
    12.817
    12.442
    11.793
    11.094
     9.938
     9.514
     8.064
     7.587
     6.200
     6.505
     6.018
     5.848
     5.998
    17.087
    15.794
    13.927
    13.093
    12.152
    11.613
    11.047
    10.552
     9.289
     7.911
     7.014
     6.915
     6.959
     6.483
     6.731
    18.523
    16.729
    15.004
    13.575
    13.172
    12.640
    11.345
    11.197
    10.243
     8.554
     8.620
     7.961
     7.342
     7.627
     7.533
    18.898
    17.048
    16.436
    14.165
    13.782
    12.707
    12.384
    12.139
    11.268
     9.401
     8.411
     8.386
     8.036
     7.701
     7.832
    19.094
    18.124
    16.583
    15.662
    14.617
    13.760
    13.095
    13.153
    11.465
    10.375
     9.371
     9.252
     8.777
     9.034
     8.799
    19.285
    18.553
    17.534
    16.330
    15.884
    14.624
    13.434
    13.346
    12.782
    10.759
     9.856
     9.608
     9.790
     9.592
     9.677
    19.373
    18.623
    17.586
    16.815
    16.526
    15.780
    14.225
    14.177
    13.633
    12.238
    10.552
    10.725
    10.254
     9.836
    10.504
    21.107
    21.185
    19.345
    17.644
    15.817
    16.083
    16.073
    15.934
    17.067
    18.184
    18.532
    19.114
    20.328
    21.771
    21.765
    20.450
    20.597
    18.562
    16.300
    14.431
    14.450
    15.126
    15.243
    16.621
    16.744
    18.150
    19.265
    20.182
    20.571
    21.206
    19.553
    17.940
    16.023
    13.560
    14.171
    14.503
    14.483
    14.779
    16.049
    17.125
    18.506
    19.618
    20.126
    20.137
    20.510
    18.795
    17.766
    16.122
    13.849
    13.909
    14.418
    15.022
    15.672
    16.723
    18.497
    19.224
    18.854
    19.349
    19.644
    19.502
    18.788
    17.169
    16.027
    14.333
    14.404
    14.698
    15.464
    15.593
    17.916
    18.772
    18.903
    18.599
    19.205
    18.814
    17.680
    19.408
    16.876
    15.721
    14.675
    14.725
    14.921
    15.264
    16.765
    18.224
    18.235
    18.243
    17.494
    17.377
    16.647
    16.220
    18.824
    16.614
    15.865
    14.295
    14.377
    15.082
    15.814
    16.597
    17.974
    17.672
    16.672
    16.210
    14.911
    14.781
    15.343
    18.165
    16.446
    15.990
    14.517
    15.248
    15.409
    15.772
    16.565
    16.911
    16.043
    15.059
    14.716
    14.788
    14.682
    14.858
    17.690
    16.819
    16.463
    15.093
    15.949
    15.710
    16.418
    15.754
    16.044
    15.078
    14.150
    14.521
    13.742
    13.821
    14.044
    18.053
    17.367
    16.747
    16.092
    15.068
    16.265
    15.869
    15.566
    15.777
    15.071
    13.869
    14.089
    13.991
    14.096
    13.248
    18.630
    18.504
    17.424
    15.458
    16.122
    15.770
    15.554
    15.488
    15.118
    15.323
    13.964
    12.840
    12.180
    12.066
    11.080
    19.131
    18.812
    16.605
    16.131
    16.323
    15.926
    16.098
    14.928
    15.143
    14.392
    12.105
    12.736
    11.613
    10.855
    10.515
    19.079
    17.940
    16.357
    15.984
    16.529
    16.114
    15.495
    14.264
    13.426
    13.672
    12.148
    10.829
    10.611
    10.667
    10.806
    19.027
    18.063
    17.015
    16.660
    16.263
    15.868
    14.934
    14.513
    14.749
    13.342
    11.654
    10.665
    10.310
     9.866
     9.927
    19.066
    18.443
    17.537
    16.555
    16.281
    15.853
    14.857
    14.730
    13.723
    12.542
    10.997
    10.382
    10.900
    10.896
    10.558
    21.638
    21.488
    19.477
    18.735
    18.826
    16.473
    14.740
    14.587
    13.618
    12.894
    10.728
    10.776
    10.551
    10.256
    10.080
    21.749
    20.387
    19.152
    18.448
    17.120
    15.255
    14.261
    13.407
    12.535
    11.983
    10.053
     9.370
     9.511
     9.471
     8.872
    20.495
    19.077
    18.732
    17.465
    16.743
    14.709
    13.635
    12.657
    12.144
    10.567
     9.242
     8.920
     8.972
     8.363
     8.409
    19.964
    19.242
    17.800
    16.646
    15.531
    13.768
    13.274
    12.063
    11.417
    10.021
     8.533
     8.491
     8.500
     7.701
     7.784
    19.276
    18.358
    16.762
    15.883
    14.793
    12.707
    12.340
    11.534
    10.139
     9.416
     8.374
     7.826
     7.770
     7.456
     7.362
    18.763
    17.358
    16.124
    15.311
    13.991
    12.223
    11.766
    10.231
     9.588
     8.207
     7.159
     6.967
     6.932
     7.200
     6.686
    18.190
    17.123
    15.367
    14.426
    13.052
    11.631
    10.493
     9.607
     8.829
     8.253
     7.230
     6.608
     5.859
     6.132
     5.818
    17.526
    16.578
    15.048
    13.478
    12.071
    10.607
     9.274
     8.502
     7.798
     7.048
     6.166
     5.850
     5.223
     5.528
     5.368
    17.401
    15.189
    13.800
    12.446
    11.645
    10.510
     9.314
     9.029
     7.454
     6.603
     5.041
     5.030
     4.402
     4.642
     4.234
    16.059
    14.337
    13.125
    12.374
    11.394
     9.870
     8.554
     7.856
     6.749
     5.632
     4.621
     4.085
     4.212
     4.158
     3.917
    15.466
    14.023
    12.666
    12.230
    10.552
     8.995
     8.183
     7.204
     6.415
     5.177
     4.243
     3.556
     3.491
     2.933
     3.145
    15.348
    14.331
    12.643
    11.548
    10.539
     9.111
     8.218
     6.904
     5.930
     4.576
     3.800
     3.315
     3.213
     2.682
     2.016
    15.373
    13.689
    11.902
    11.111
    10.074
     8.546
     7.581
     6.567
     5.614
     4.042
     3.345
     2.849
     2.517
     2.376
     2.268
    14.914
    13.434
    11.849
    10.714
     9.345
     8.373
     7.416
     6.442
     5.061
     4.199
     3.478
     2.528
     2.097
     1.573
     1.236
    14.254
    13.344
    12.003
    10.065
     9.187
     8.080
     6.508
     6.405
     5.072
     4.178
     2.887
     2.523
     2.208
     1.288
     0.692
