     0.375
     1.125
     1.758
     2.828
     3.597
     4.710
     5.665
     6.802
     8.377
     9.780
    10.408
    11.491
    13.441
    14.234
    15.208
     0.793
     1.793
     2.422
     3.200
     4.005
     5.221
     7.086
     8.220
     8.820
    10.524
    12.334
    12.741
    14.165
    15.200
    16.817
     1.621
     2.056
     2.644
     3.641
     5.133
     6.129
     7.119
     7.933
     8.853
    10.377
    11.476
    12.512
    13.042
    14.762
    15.734
     2.784
     2.787
     3.669
     4.020
     4.725
     5.758
     7.071
     8.175
     8.534
    10.114
    11.166
    12.361
    13.702
    14.417
    15.628
     3.240
     3.656
     4.112
     4.568
     5.385
     5.781
     7.110
     8.634
     9.824
    11.465
    12.428
    13.798
    14.990
    16.147
    17.724
     3.536
     4.348
     4.127
     5.350
     5.843
     7.449
     8.473
    10.128
    11.302
    11.810
    12.725
    13.946
    15.408
    16.577
    17.070
     4.387
     5.507
     5.777
     6.360
     7.335
     8.418
     9.593
    11.248
    11.763
    12.355
    13.699
    14.813
    16.429
    17.412
    18.600
     6.140
     6.371
     7.140
     7.972
     9.209
    10.559
    11.252
    11.995
    12.854
    13.733
    14.435
    15.997
    16.796
    18.056
    19.038
     7.090
     7.879
     8.780
     9.678
    10.001
    10.895
    12.536
    13.167
    13.072
    14.102
    15.721
    16.560
    17.545
    19.454
    19.378
     8.105
     9.085
     9.899
    10.566
    10.631
    12.210
    13.265
    13.343
    14.623
    15.764
    16.816
    17.854
    18.421
    19.926
    19.891
     9.649
    10.399
    11.265
    11.830
    12.584
    13.782
    14.088
    14.751
    16.000
    16.860
    17.424
    17.983
    19.184
    19.997
    20.858
    10.714
    11.334
    12.295
    12.745
    13.647
    14.358
    15.370
    15.972
    17.202
    17.696
    17.929
    18.771
    19.409
    20.616
    21.723
    12.475
    12.695
    14.168
    13.515
    14.229
    15.286
    16.093
    17.550
    17.714
    18.229
    18.535
    18.954
    20.567
    21.180
    22.595
    13.134
    14.326
    15.211
    15.237
    15.594
    16.126
    17.768
    18.430
    18.715
    19.075
    19.818
    20.603
    21.616
    22.415
    22.794
    14.508
    15.254
    15.889
    15.870
    16.984
    17.407
    18.971
    19.758
    19.739
    19.760
    20.298
    21.249
    22.065
    23.060
    24.072
    15.531
    16.534
    17.001
    16.251
    16.985
    18.287
    19.351
    19.799
    19.731
    19.705
    20.947
    21.273
    22.061
    22.868
    23.908
    14.651
    16.705
    16.382
    16.380
    17.573
    18.507
    18.873
    18.855
    18.394
    19.350
    20.021
    20.688
    21.443
    22.321
    23.246
    16.320
    16.464
    16.142
    15.648
    17.421
    18.093
    17.592
    17.903
    18.057
    18.212
    19.359
    20.795
    21.187
    21.718
    22.170
    16.305
    16.140
    16.246
    15.676
    18.220
    18.374
    17.687
    16.714
    17.661
    18.954
    19.663
    20.502
    20.748
    20.801
    21.224
    16.723
    16.873
    15.967
    15.536
    17.722
    17.262
    15.594
    16.896
    18.055
    19.195
    19.093
    19.177
    19.356
    19.409
    20.516
    16.905
    17.082
    15.884
    16.688
    16.664
    15.315
    16.252
    17.704
    18.341
    17.893
    17.357
    17.445
    18.364
    18.723
    19.418
    17.456
    17.229
    16.084
    16.258
    15.673
    16.714
    18.411
    18.205
    16.431
    15.994
    16.072
    16.900
    18.082
    18.637
    18.808
    17.459
    16.702
    16.261
    15.674
    16.679
    17.365
    15.395
    15.643
    15.043
    16.900
    17.734
    17.775
    18.056
    18.508
    19.175
    17.112
    16.036
    15.178
    15.313
    16.658
    15.815
    16.116
    17.184
    17.479
    17.214
    16.570
    17.679
    18.457
    18.068
    18.016
    16.775
    16.168
    15.229
    16.503
    17.197
    17.868
    17.134
    17.008
    17.462
    16.837
    16.679
    16.833
    16.863
    17.105
    17.172
    16.673
    16.466
    16.056
    17.621
    18.200
    17.702
    16.554
    16.441
    15.731
    15.533
    15.390
    15.484
    16.007
    16.432
    16.281
    17.118
    17.487
    16.604
    17.719
    17.056
    16.761
    16.223
    16.024
    16.537
    16.120
    16.455
    16.322
    16.349
    16.737
    17.184
    18.603
    18.427
    18.157
    18.319
    17.413
    17.216
    17.265
    17.993
    17.300
    16.844
    16.734
    16.020
    15.915
    16.442
    16.965
    19.173
    18.524
    18.337
    19.112
    18.983
    18.362
    18.125
    17.790
    17.499
    16.769
    16.396
    17.015
    17.588
    16.847
    17.395
    20.523
    20.187
    19.658
    19.945
    20.029
    19.758
    19.847
    19.527
    19.364
    18.295
    18.256
    18.225
    18.188
    17.851
    17.615
    15.605
    15.082
    14.179
    13.768
    12.259
    11.701
    10.461
     9.142
     8.136
     6.775
     5.546
     3.887
     2.828
     1.534
     0.477
    15.756
    14.984
    14.272
    13.822
    12.737
    11.536
    10.468
     9.046
     7.740
     6.828
     5.566
     4.975
     3.437
     2.304
     1.858
    16.301
    15.592
    14.268
    13.889
    13.014
    12.349
    10.709
     9.983
     8.325
     7.180
     6.537
     5.141
     4.150
     3.303
     2.995
    15.993
    15.797
    14.585
    14.204
    13.268
    11.404
    11.281
    10.151
     8.756
     7.166
     6.597
     6.077
     5.350
     4.425
     4.531
    16.308
    15.758
    14.792
    14.955
    13.742
    12.159
    10.843
    10.560
     9.515
     8.609
     7.523
     6.840
     6.124
     5.703
     5.663
    16.824
    15.943
    15.411
    15.375
    13.701
    13.179
    12.143
    11.020
     9.925
     9.357
     8.646
     8.265
     7.130
     6.609
     6.626
    17.457
    16.199
    16.235
    15.806
    14.799
    13.803
    12.915
    11.744
    11.016
    10.409
     9.405
     8.577
     8.720
     8.106
     8.105
    18.081
    16.872
    17.042
    16.169
    15.291
    14.314
    13.578
    12.884
    12.004
    11.007
    10.391
    10.210
     9.310
     9.089
     9.473
    18.190
    17.734
    17.062
    16.899
    16.536
    15.411
    14.745
    13.362
    13.138
    12.046
    11.389
    11.487
    10.390
    10.257
    10.238
    19.357
    18.401
    18.092
    17.675
    16.909
    16.027
    15.221
    14.094
    13.798
    13.225
    13.156
    12.291
    11.991
    11.270
    11.270
    19.543
    19.303
    18.472
    18.196
    17.823
    17.055
    16.395
    15.442
    14.926
    14.437
    13.723
    12.848
    13.130
    12.736
    12.567
    19.991
    19.599
    18.488
    18.796
    18.633
    17.596
    16.590
    16.376
    15.573
    15.734
    14.637
    14.368
    14.265
    13.959
    13.688
    20.830
    19.896
    19.585
    19.324
    18.604
    17.940
    17.572
    16.637
    16.747
    16.352
    16.093
    15.594
    15.566
    14.940
    15.130
    21.173
    20.441
    20.395
    20.066
    19.877
    18.809
    18.283
    17.904
    17.004
    16.526
    16.783
    16.659
    16.132
    16.482
    16.109
    21.283
    21.585
    20.737
    21.360
    20.679
    20.462
    19.433
    19.131
    18.743
    18.014
    17.662
    17.968
    18.092
    17.739
    17.304
    14.574
    13.744
    13.066
    12.927
    12.135
    11.110
    10.571
     9.176
     8.377
     6.303
     5.725
     3.946
     2.916
     2.190
     0.903
    14.916
    13.823
    13.809
    12.646
    12.617
    11.114
     9.962
     9.024
     8.098
     7.158
     5.543
     5.130
     3.493
     2.728
     1.736
    15.226
    13.896
    13.683
    13.025
    12.309
    11.952
    10.462
    10.338
     8.256
     7.549
     6.253
     5.038
     4.158
     3.691
     2.975
    16.293
    14.840
    13.595
    13.103
    12.595
    11.862
    11.226
     9.896
     9.016
     8.216
     6.831
     6.017
     5.656
     4.407
     4.319
    16.783
    15.252
    14.179
    13.104
    12.649
    12.326
    11.010
    10.035
     9.099
     8.467
     7.935
     6.831
     6.041
     5.674
     5.996
    16.789
    16.189
    15.217
    13.756
    12.783
    12.374
    12.452
    11.068
    10.058
     9.276
     8.571
     8.045
     6.940
     6.871
     6.828
    16.861
    16.089
    15.883
    14.872
    14.587
    13.495
    12.835
    11.779
    11.331
    10.244
     9.908
     8.971
     8.622
     7.972
     7.869
    17.148
    16.946
    16.039
    15.203
    14.690
    14.113
    13.355
    13.067
    12.125
    11.052
    10.737
     9.644
     9.997
     9.179
     9.206
    16.636
    16.742
    17.287
    16.456
    15.227
    15.020
    14.122
    13.524
    12.455
    11.992
    11.486
    11.299
    10.588
    10.153
    10.215
    15.538
    15.765
    16.900
    16.190
    15.529
    15.387
    14.950
    14.347
    13.756
    13.058
    12.648
    12.543
    11.713
    11.452
    11.633
    16.073
    15.421
    15.959
    15.356
    15.513
    15.342
    15.266
    14.626
    14.477
    13.872
    13.292
    12.663
    12.430
    12.916
    12.890
    16.057
    15.054
    15.728
    15.516
    15.357
    15.033
    14.955
    14.410
    14.460
    14.304
    13.669
    13.809
    13.367
    13.490
    13.003
    17.901
    16.110
    16.266
    16.713
    15.854
    14.960
    15.697
    14.748
    14.885
    14.560
    14.529
    14.738
    14.093
    13.780
    13.714
    18.542
    17.251
    16.967
    17.726
    16.709
    16.198
    15.560
    15.288
    14.992
    14.851
    15.196
    14.633
    14.391
    15.042
    15.135
    19.887
    18.154
    17.534
    18.495
    17.496
    17.641
    17.307
    17.039
    15.951
    14.864
    15.433
    15.474
    15.428
    15.017
    15.342
    15.767
    17.183
    15.965
    16.716
    17.698
    16.913
    18.597
    19.384
    20.118
    20.253
    21.420
    21.668
    22.440
    23.083
    23.797
    16.099
    17.141
    15.982
    16.350
    18.128
    16.836
    18.925
    18.965
    18.641
    19.830
    20.469
    21.228
    21.847
    22.553
    23.025
    16.242
    17.455
    16.127
    16.992
    16.772
    17.238
    17.777
    18.246
    18.586
    19.385
    20.075
    20.733
    21.255
    21.206
    22.294
    16.319
    17.118
    15.696
    17.331
    16.648
    17.381
    17.302
    18.185
    18.174
    18.520
    19.052
    20.282
    20.207
    20.350
    21.038
    16.874
    17.405
    16.511
    17.149
    16.609
    16.859
    17.810
    18.209
    17.859
    18.284
    19.147
    19.307
    19.290
    19.663
    20.193
    17.572
    17.001
    17.423
    17.100
    16.596
    16.600
    17.120
    18.163
    17.710
    18.643
    18.175
    18.064
    17.927
    19.350
    19.948
    18.178
    17.270
    17.870
    16.313
    15.802
    16.714
    17.571
    17.099
    17.892
    17.439
    17.001
    17.155
    18.407
    18.947
    19.822
    18.949
    17.809
    18.066
    16.812
    16.803
    16.902
    17.357
    17.572
    17.475
    16.403
    16.312
    17.567
    18.724
    19.172
    19.324
    18.986
    18.134
    18.225
    16.758
    16.254
    17.706
    17.209
    16.066
    15.604
    15.834
    16.815
    17.945
    18.469
    17.958
    18.003
    19.225
    18.978
    17.672
    17.072
    17.173
    17.172
    16.646
    16.309
    16.698
    16.727
    17.342
    16.832
    16.711
    16.341
    16.382
    19.531
    19.337
    18.136
    17.599
    17.273
    16.172
    16.226
    16.901
    15.105
    15.332
    15.531
    15.288
    15.894
    16.367
    16.722
    20.647
    19.201
    16.967
    16.107
    16.060
    15.756
    16.174
    15.423
    16.162
    17.172
    16.984
    16.785
    17.040
    15.862
    15.725
    20.313
    18.669
    16.651
    17.243
    17.233
    16.919
    16.977
    17.046
    17.274
    16.902
    15.804
    15.284
    15.406
    15.241
    16.861
    20.671
    18.842
    17.353
    18.331
    18.341
    17.605
    17.440
    16.858
    17.136
    16.351
    15.867
    16.307
    17.339
    17.381
    17.361
    20.534
    19.321
    17.950
    18.853
    18.136
    17.665
    17.458
    18.304
    17.116
    16.685
    16.734
    16.841
    15.872
    15.582
    16.320
    23.664
    23.061
    22.136
    21.093
    20.197
    20.125
    19.601
    18.974
    17.502
    15.778
    15.764
    15.659
    16.714
    17.129
    15.413
    23.249
    21.786
    20.990
    19.594
    19.419
    18.859
    18.350
    17.432
    16.494
    14.540
    14.769
    14.801
    15.597
    15.696
    13.903
    21.970
    20.697
    19.956
    19.370
    18.391
    18.278
    17.228
    16.351
    15.025
    13.007
    13.840
    13.889
    14.552
    14.830
    12.543
    20.905
    19.971
    19.327
    18.443
    18.053
    17.252
    16.140
    15.238
    13.119
    12.207
    13.313
    13.014
    13.633
    13.382
    12.293
    20.380
    18.877
    18.787
    18.064
    17.591
    16.452
    15.012
    13.811
    12.877
    11.664
    11.766
    11.241
    12.134
    11.629
    10.422
    19.273
    18.523
    17.616
    17.141
    16.510
    14.977
    13.539
    12.583
    11.362
    11.111
    11.505
     9.982
    11.433
    10.693
     9.267
    19.739
    18.645
    17.678
    16.026
    14.974
    13.735
    12.413
    11.395
    10.997
    10.731
    10.533
     9.619
     9.824
     9.206
     8.312
    18.939
    17.696
    16.211
    14.752
    13.899
    12.905
    11.625
    11.084
    10.340
     9.674
     9.357
     8.423
     8.658
     7.626
     7.276
    17.804
    16.191
    15.305
    13.803
    13.013
    12.736
    11.337
    10.570
     9.353
     8.312
     7.728
     7.367
     7.672
     6.352
     5.519
    16.835
    15.432
    14.652
    13.686
    12.429
    11.456
    10.636
     8.737
     7.979
     7.429
     6.823
     6.969
     6.513
     5.750
     4.965
    16.612
    14.963
    14.332
    13.355
    11.942
    11.098
     9.460
     8.963
     7.211
     6.658
     6.413
     6.001
     5.670
     4.318
     3.633
    16.586
    15.213
    13.863
    12.760
    11.658
    10.690
     9.479
     8.402
     7.643
     6.485
     6.459
     5.212
     4.393
     3.590
     3.108
    16.174
    15.577
    14.239
    12.830
    11.989
    10.713
    10.293
     8.499
     8.236
     6.534
     5.432
     4.417
     3.285
     2.712
     2.185
    16.650
    15.747
    14.050
    13.003
    12.546
    10.899
     9.612
     8.569
     7.533
     6.019
     5.178
     4.134
     3.004
     2.177
     1.268
    17.231
    15.922
    15.038
    13.729
    12.493
    11.259
    10.139
     8.788
     7.729
     6.260
     5.478
     3.999
     2.729
     2.125
     0.600
