     0.598
     1.164
     2.579
     3.606
     4.240
     5.820
     6.815
     7.507
     8.596
     9.556
    10.464
    11.691
    12.362
    14.054
    14.474
     1.608
     2.387
     2.929
     3.783
     4.534
     5.774
     6.336
     7.826
     9.036
     9.444
    10.819
    11.910
    12.191
    13.222
    14.719
     2.448
     3.086
     3.738
     4.478
     5.469
     6.207
     7.261
     7.603
     8.854
     9.783
    10.391
    11.831
    12.482
    14.082
    14.512
     3.666
     3.862
     4.070
     4.405
     5.684
     6.265
     7.535
     8.402
     9.614
    10.271
    10.906
    12.115
    12.728
    13.940
    14.903
     4.527
     4.663
     5.420
     5.231
     6.470
     7.329
     8.087
     8.889
     9.626
    10.773
    11.837
    12.732
    13.811
    14.946
    15.773
     5.463
     5.730
     6.119
     6.879
     7.017
     7.933
     8.713
     9.789
    10.390
    11.791
    12.912
    13.729
    14.935
    16.467
    17.078
     6.615
     6.692
     6.804
     7.241
     8.015
     8.276
     9.740
    10.753
    11.487
    12.726
    13.612
    14.380
    16.025
    16.517
    17.615
     7.575
     7.652
     7.653
     8.038
     8.651
     9.258
    10.347
    12.035
    12.749
    13.519
    14.735
    15.237
    15.988
    17.093
    18.250
     8.546
     8.794
     8.567
     9.076
     9.550
    10.335
    11.362
    12.968
    13.791
    14.598
    15.581
    15.984
    16.272
    17.485
    17.661
     9.882
     9.902
     9.651
     9.800
    10.586
    11.655
    12.581
    13.947
    15.131
    15.064
    15.383
    15.996
    16.740
    16.773
    16.875
    10.481
    10.589
    10.913
    10.918
    11.658
    12.744
    13.889
    15.129
    15.228
    15.258
    16.025
    16.070
    16.751
    16.671
    17.197
    11.648
    11.545
    11.253
    12.053
    13.194
    14.236
    14.536
    15.499
    15.756
    15.802
    15.987
    16.687
    16.728
    17.103
    17.219
    12.393
    12.682
    12.928
    13.508
    13.566
    14.865
    16.037
    16.228
    16.174
    16.653
    17.130
    17.012
    17.457
    17.131
    17.574
    13.423
    13.297
    13.675
    14.243
    14.741
    16.355
    16.497
    17.296
    16.875
    17.008
    16.327
    16.966
    17.121
    16.888
    17.309
    14.350
    13.995
    14.405
    15.179
    16.114
    17.206
    17.769
    17.482
    17.428
    16.999
    16.808
    17.265
    17.488
    16.990
    17.275
    14.824
    15.033
    14.935
    15.442
    16.818
    17.511
    17.936
    17.713
    17.220
    17.096
    16.805
    16.736
    16.714
    16.426
    16.282
    15.152
    14.997
    14.962
    15.828
    17.291
    16.750
    16.626
    15.952
    15.539
    14.707
    15.990
    15.827
    15.705
    16.149
    16.343
    15.098
    14.713
    14.582
    16.359
    15.579
    15.160
    15.189
    15.287
    14.360
    14.893
    15.298
    15.096
    15.420
    15.574
    16.070
    15.038
    14.813
    13.214
    14.911
    14.796
    14.837
    15.040
    14.064
    14.271
    14.509
    15.398
    15.024
    14.779
    15.774
    16.757
    14.243
    13.890
    15.072
    14.894
    15.063
    15.028
    14.607
    14.299
    14.100
    14.667
    15.788
    15.213
    15.018
    15.897
    16.991
    14.004
    14.198
    15.260
    14.840
    15.327
    14.994
    13.662
    14.573
    15.131
    15.601
    15.046
    15.000
    14.827
    15.851
    16.896
    14.052
    14.599
    15.379
    15.249
    15.511
    16.744
    14.817
    14.851
    15.081
    15.290
    14.234
    14.493
    14.693
    14.931
    17.172
    15.572
    16.313
    16.928
    16.963
    16.657
    15.472
    14.419
    15.116
    15.060
    14.604
    13.601
    13.894
    15.007
    16.249
    17.650
    16.873
    17.724
    17.725
    17.152
    17.204
    15.405
    15.451
    14.907
    14.718
    13.730
    14.762
    15.106
    15.500
    16.098
    18.040
    18.218
    18.526
    18.541
    17.542
    16.497
    15.395
    15.700
    15.529
    16.265
    14.717
    15.465
    15.615
    15.704
    16.567
    17.338
    19.328
    19.317
    18.555
    17.726
    16.850
    16.871
    17.474
    16.882
    15.442
    15.206
    14.876
    15.497
    15.786
    16.518
    16.714
    20.795
    20.377
    19.922
    18.484
    18.027
    17.940
    17.232
    16.630
    15.249
    14.867
    15.013
    15.068
    16.878
    15.554
    15.159
    22.338
    21.765
    20.789
    19.992
    18.571
    18.420
    17.836
    16.756
    15.260
    15.679
    14.861
    13.049
    15.115
    15.350
    15.291
    23.629
    22.900
    21.332
    19.704
    19.687
    18.796
    17.738
    16.053
    14.635
    14.219
    13.421
    14.542
    14.979
    15.187
    15.125
    24.138
    23.654
    21.937
    20.928
    19.076
    18.267
    16.806
    15.342
    14.294
    13.987
    13.569
    15.085
    15.195
    14.985
    14.956
    14.479
    13.550
    12.384
    11.334
    10.638
     9.407
     8.571
     7.276
     6.481
     5.708
     4.304
     3.569
     2.489
     1.561
     0.616
    14.057
    13.546
    12.937
    11.759
    10.511
     9.452
     8.692
     7.551
     6.538
     5.714
     5.055
     3.177
     3.060
     1.868
     1.816
    14.107
    13.672
    12.761
    11.661
    10.741
     9.444
     8.577
     7.700
     7.055
     5.893
     5.530
     4.335
     3.068
     2.800
     2.385
    14.941
    13.890
    12.910
    11.837
    11.051
     9.762
     9.344
     7.944
     7.216
     6.481
     5.761
     4.929
     4.735
     4.212
     3.691
    14.243
    13.236
    12.548
    11.549
    11.056
    10.300
    10.054
     8.933
     7.920
     7.032
     6.384
     5.891
     5.705
     4.824
     4.743
    14.073
    13.095
    12.439
    11.826
    10.862
    10.135
     9.665
     9.294
     8.817
     7.641
     7.333
     6.475
     5.956
     5.835
     5.755
    14.102
    12.942
    12.384
    11.623
    10.807
    10.621
     9.623
     9.434
     8.641
     8.197
     8.071
     7.033
     6.638
     6.519
     6.146
    14.775
    13.657
    12.504
    11.715
    10.812
    10.364
     9.329
     9.370
     8.887
     9.127
     8.895
     8.312
     7.879
     6.988
     7.523
    15.805
    14.687
    13.629
    12.382
    11.780
    10.793
    10.163
    10.156
    10.101
     9.331
     9.610
     8.913
     9.047
     8.755
     8.385
    17.352
    15.837
    15.055
    13.710
    12.685
    11.352
    10.811
    11.055
    10.299
     9.858
    10.480
     9.764
     9.859
     9.194
     9.692
    19.025
    17.762
    16.250
    14.656
    13.899
    12.950
    11.366
    11.109
    10.977
    10.529
    10.912
    11.262
    10.790
    10.736
    10.852
    19.821
    18.179
    17.321
    15.867
    14.642
    14.296
    12.692
    11.703
    11.644
    11.932
    12.048
    12.218
    11.793
    11.556
    11.728
    21.128
    19.807
    18.253
    16.962
    15.837
    14.527
    13.773
    12.853
    12.387
    11.627
    12.535
    13.042
    12.838
    12.634
    12.500
    22.219
    21.298
    19.755
    18.497
    17.524
    16.003
    14.834
    13.642
    13.236
    12.860
    13.200
    14.003
    14.037
    13.437
    13.383
    24.223
    22.630
    21.562
    19.275
    18.482
    17.301
    16.568
    14.743
    14.134
    13.910
    14.141
    15.159
    14.718
    14.780
    14.684
    14.450
    13.480
    12.541
    11.310
    10.451
     9.490
     8.258
     7.750
     6.235
     5.344
     4.235
     3.800
     2.378
     1.149
     0.909
    14.936
    13.750
    12.624
    11.381
    10.417
     9.924
     8.918
     7.495
     6.872
     5.754
     4.649
     3.599
     2.986
     1.665
     1.187
    15.217
    13.710
    13.403
    11.706
    10.835
    10.053
     8.814
     7.774
     7.321
     5.822
     5.348
     4.172
     3.720
     3.126
     2.341
    15.048
    14.203
    12.717
    12.111
    11.058
     9.816
     9.122
     8.235
     7.110
     6.029
     5.472
     4.947
     3.869
     4.123
     3.384
    13.704
    13.466
    13.035
    11.913
    11.190
    10.411
     9.659
     8.966
     7.950
     7.294
     6.490
     5.732
     5.216
     4.496
     4.291
    13.900
    13.045
    11.965
    11.714
    10.878
    10.897
     9.711
     8.718
     8.609
     7.902
     6.977
     6.577
     5.891
     5.705
     5.627
    14.543
    13.510
    11.736
    11.556
    10.993
    10.225
     9.921
     9.429
     9.163
     8.821
     8.144
     6.967
     6.715
     6.841
     6.274
    14.483
    13.898
    12.832
    12.203
    10.724
    10.502
     9.525
     9.183
     9.308
     9.010
     8.462
     8.202
     7.758
     7.423
     7.578
    15.652
    14.831
    13.205
    12.804
    11.721
    10.923
    10.078
    10.103
     9.438
     9.833
     9.085
     9.262
     8.676
     8.437
     8.552
    17.408
    16.268
    14.797
    14.025
    12.603
    11.684
    10.833
    10.661
    10.382
    10.142
    10.075
     9.952
     9.905
     9.368
     9.585
    19.017
    17.435
    15.945
    14.948
    14.092
    13.084
    11.379
    11.110
    10.933
    10.785
    11.774
    11.281
    10.579
    10.808
    10.686
    19.890
    17.948
    17.517
    15.507
    15.123
    13.495
    12.768
    12.178
    11.690
    11.520
    11.668
    11.992
    11.566
    11.180
    11.285
    21.324
    19.927
    18.281
    17.148
    16.018
    14.874
    13.775
    13.347
    11.828
    12.274
    12.735
    13.146
    12.601
    12.811
    12.552
    22.832
    21.454
    20.118
    18.360
    17.703
    16.082
    14.396
    13.689
    13.191
    12.524
    13.334
    13.791
    13.908
    13.667
    13.729
    24.113
    22.584
    21.155
    19.772
    19.031
    17.693
    15.685
    14.665
    14.189
    14.046
    14.145
    15.199
    14.668
    14.209
    14.857
    15.108
    15.172
    14.958
    15.503
    16.322
    17.665
    17.769
    17.329
    16.691
    16.571
    16.729
    16.487
    16.373
    16.762
    16.444
    15.039
    15.198
    15.255
    15.543
    16.420
    16.469
    16.707
    15.970
    15.510
    14.952
    15.857
    15.929
    15.735
    15.593
    16.325
    15.241
    14.633
    14.823
    16.266
    15.760
    15.727
    15.699
    14.832
    14.595
    14.840
    15.085
    15.244
    15.348
    15.357
    16.315
    15.226
    14.916
    13.216
    14.849
    14.911
    15.377
    15.736
    14.521
    14.456
    14.620
    15.149
    14.710
    15.053
    15.767
    16.796
    13.912
    13.599
    14.892
    14.734
    14.804
    15.099
    15.136
    13.502
    14.320
    14.820
    15.267
    14.981
    15.613
    15.957
    16.148
    14.138
    14.302
    14.906
    15.079
    14.925
    15.121
    13.310
    14.772
    15.165
    15.169
    14.923
    14.424
    14.823
    15.223
    16.122
    14.812
    15.350
    15.490
    15.111
    15.562
    16.435
    15.014
    14.592
    15.553
    15.377
    14.343
    14.628
    14.022
    15.183
    17.042
    15.501
    16.016
    16.675
    16.574
    16.778
    15.434
    15.270
    14.865
    14.806
    14.529
    13.835
    13.978
    15.420
    16.298
    17.813
    16.960
    17.812
    18.105
    16.832
    17.204
    15.200
    15.132
    15.252
    15.144
    13.124
    14.376
    15.438
    15.294
    16.192
    17.679
    18.364
    18.408
    17.929
    17.842
    16.122
    15.851
    15.461
    15.440
    16.529
    14.771
    14.770
    15.224
    15.520
    17.201
    17.359
    19.531
    19.729
    19.265
    17.877
    17.522
    16.560
    16.705
    16.966
    15.496
    15.322
    15.163
    14.643
    14.752
    16.960
    16.629
    20.687
    20.676
    19.579
    19.163
    18.010
    17.622
    17.785
    16.752
    15.602
    15.527
    14.509
    15.735
    16.874
    15.772
    15.103
    21.865
    21.216
    20.414
    19.600
    18.845
    18.667
    18.106
    16.477
    14.978
    15.354
    14.568
    13.083
    15.110
    15.176
    15.345
    23.217
    22.466
    21.508
    20.236
    19.294
    19.119
    17.763
    16.317
    15.539
    14.079
    13.948
    14.825
    14.819
    14.365
    14.436
    24.387
    23.131
    21.827
    20.106
    19.435
    18.515
    16.818
    15.558
    14.127
    13.964
    14.101
    14.970
    15.439
    15.405
    15.057
    16.617
    17.165
    16.469
    17.177
    17.864
    17.285
    17.302
    18.234
    17.462
    17.370
    16.051
    15.250
    14.965
    14.629
    14.433
    17.064
    16.920
    16.985
    17.264
    16.629
    16.787
    17.148
    16.976
    16.274
    16.414
    14.954
    13.553
    13.629
    13.546
    12.924
    16.769
    16.551
    17.245
    16.799
    17.020
    16.714
    16.639
    16.155
    15.849
    14.788
    13.724
    12.814
    12.796
    12.140
    12.162
    17.360
    17.456
    16.927
    16.504
    16.284
    16.077
    16.415
    15.501
    15.166
    13.961
    12.596
    12.097
    12.030
    11.180
    11.237
    17.015
    16.944
    16.511
    16.134
    16.064
    15.261
    15.642
    14.961
    13.748
    13.018
    12.019
    11.146
    11.007
    10.637
    10.515
    17.157
    16.738
    16.387
    16.050
    15.842
    15.051
    15.128
    13.620
    12.953
    11.411
    10.387
    10.004
     9.878
    10.085
     9.540
    17.486
    17.278
    16.219
    15.902
    15.491
    14.685
    13.746
    12.780
    11.797
    11.057
    10.115
     9.365
     8.517
     8.721
     8.372
    17.751
    17.332
    16.446
    15.471
    14.650
    13.601
    12.275
    11.260
    10.318
     9.450
     8.789
     8.332
     7.594
     7.822
     7.623
    17.897
    16.519
    15.776
    14.800
    14.088
    13.064
    11.817
    11.304
     9.505
     8.620
     7.412
     7.244
     6.491
     6.643
     6.189
    16.943
    15.970
    15.082
    14.218
    13.241
    11.845
    10.498
     9.599
     8.320
     7.541
     6.753
     6.041
     6.024
     5.868
     5.574
    16.140
    15.025
    13.765
    13.268
    11.640
    10.250
     9.540
     8.603
     7.874
     7.007
     6.152
     5.265
     5.034
     4.355
     4.503
    15.142
    14.537
    13.110
    12.123
    11.330
    10.230
     9.515
     8.228
     7.414
     6.354
     5.509
     4.799
     4.503
     3.824
     3.076
    15.170
    13.892
    12.360
    11.673
    10.844
     9.631
     8.832
     7.989
     7.221
     5.689
     4.888
     4.139
     3.577
     3.250
     3.032
    14.761
    13.785
    12.553
    11.571
    10.405
     9.740
     8.939
     7.971
     6.600
     5.754
     4.900
     3.670
     2.971
     2.209
     1.710
    14.354
    13.844
    12.753
    10.916
    10.238
     9.431
     8.011
     7.908
     6.576
     5.684
     4.245
     3.583
     2.972
     1.762
     0.904
