     9.710
    14.219
     1.406
     4.203
    13.512
    12.931
    16.258
    14.863
    14.970
    15.627
    17.837
    10.676
     7.759
    15.374
     9.817
    12.045
    17.045
    17.735
     7.675
     6.134
    21.440
    18.737
    17.340
     5.114
    22.465
     4.502
    15.513
    13.871
    14.783
    16.666
    13.555
    15.365
     8.109
    13.099
    15.888
    15.939
    17.326
    16.896
    17.822
     9.399
     9.788
     8.270
    16.083
     5.426
    17.485
    12.408
    15.738
    11.986
    13.075
    11.848
