    21.148
    21.029
    19.241
    17.972
    16.038
    15.923
    16.171
    16.856
    17.293
    18.499
    18.351
    19.418
    20.630
    21.184
    22.033
    20.882
    20.419
    18.987
    16.097
    15.533
    14.858
    15.087
    15.198
    15.992
    17.011
    18.182
    19.315
    19.668
    20.343
    21.184
    19.454
    18.942
    16.121
    13.876
    14.157
    13.940
    14.027
    14.568
    16.286
    17.302
    19.130
    19.418
    20.351
    20.932
    20.832
    18.868
    17.199
    16.744
    14.169
    13.834
    14.305
    15.115
    15.404
    16.553
    18.737
    19.204
    18.896
    19.315
    19.838
    19.217
    19.383
    17.396
    15.917
    14.726
    14.580
    14.485
    15.197
    16.181
    18.169
    18.795
    19.183
    18.493
    19.214
    18.603
    18.261
    19.926
    16.218
    16.138
    14.455
    14.441
    14.957
    15.381
    16.644
    18.375
    18.479
    18.198
    17.828
    17.246
    16.657
    16.740
    18.349
    16.281
    16.054
    14.518
    14.969
    14.855
    16.054
    17.230
    17.344
    17.443
    16.509
    15.807
    15.408
    14.577
    15.725
    17.916
    16.608
    15.987
    15.054
    15.423
    15.545
    15.183
    16.940
    17.534
    15.907
    14.605
    14.883
    14.407
    14.327
    14.637
    17.721
    16.429
    16.310
    15.667
    15.663
    16.204
    16.223
    15.921
    16.162
    15.440
    14.605
    14.733
    14.052
    14.348
    14.234
    18.134
    17.986
    17.269
    16.450
    15.443
    16.077
    15.888
    15.690
    16.111
    15.455
    13.853
    13.884
    13.585
    13.865
    13.153
    17.951
    17.849
    17.220
    15.469
    16.237
    15.401
    15.596
    15.484
    15.504
    14.918
    13.675
    13.537
    12.947
    12.118
    11.640
    18.980
    18.685
    17.041
    15.549
    16.156
    16.212
    15.215
    14.867
    14.225
    13.831
    12.598
    12.074
    11.128
     9.824
    11.095
    19.041
    18.640
    16.336
    16.434
    16.517
    15.537
    15.766
    14.892
    14.169
    13.621
    12.467
    11.445
    10.351
    10.457
    10.971
    19.346
    18.243
    16.862
    16.581
    16.426
    15.537
    14.884
    14.537
    13.781
    13.730
    11.456
    10.494
    10.674
    10.660
    10.777
    19.387
    18.903
    17.577
    16.732
    16.076
    15.735
    15.348
    14.154
    14.037
    12.875
    11.267
    10.462
    10.566
    10.554
    10.515
