    13.556
    19.414
     2.038
     5.370
    12.661
    13.988
    17.658
    16.991
    17.697
    10.710
    16.150
     9.591
     9.542
    18.943
    10.458
    13.763
    15.464
    15.764
     5.304
     4.322
    19.105
    16.938
    15.601
     3.692
    19.040
     3.212
    11.004
    12.939
    10.284
    14.939
    15.646
    15.875
     5.738
    12.701
    14.487
    13.942
    15.576
    15.745
    15.909
    11.260
    13.593
    10.148
    14.623
     6.151
    16.230
    11.658
    15.713
    15.047
    12.207
     8.318
