    15.149
    15.016
    14.854
    15.831
    16.543
    17.505
    17.867
    18.251
    16.917
    16.886
    16.548
    16.791
    16.675
    16.175
    16.712
    15.471
    15.020
    15.680
    15.340
    17.522
    16.877
    16.668
    15.925
    14.881
    15.219
    15.889
    15.979
    15.221
    15.365
    16.303
    15.142
    15.635
    14.921
    16.582
    15.746
    15.164
    15.243
    14.621
    14.832
    15.017
    15.709
    15.044
    15.573
    16.152
    16.637
    15.299
    14.349
    13.838
    15.169
    14.836
    15.264
    15.829
    14.253
    14.286
    14.860
    15.129
    14.752
    15.019
    15.961
    16.511
    14.507
    13.826
    14.782
    15.127
    14.980
    14.886
    14.869
    14.090
    14.573
    14.843
    15.547
    14.875
    15.622
    15.746
    16.729
    14.656
    13.644
    15.323
    14.859
    14.641
    15.157
    13.427
    14.651
    15.316
    15.413
    14.878
    14.758
    14.692
    15.233
    16.642
    14.337
    15.017
    15.679
    15.334
    16.154
    16.208
    15.254
    15.225
    14.923
    15.148
    14.180
    14.225
    14.519
    14.979
    17.424
    15.252
    16.178
    16.672
    17.111
    16.953
    15.570
    14.681
    15.240
    15.429
    14.393
    13.381
    14.145
    15.039
    15.943
    17.592
    16.991
    17.422
    17.952
    17.406
    16.918
    15.694
    14.937
    15.419
    15.262
    13.486
    14.831
    15.650
    15.604
    16.719
    17.869
    18.445
    19.027
    18.451
    18.200
    16.497
    15.663
    15.480
    15.564
    16.863
    15.155
    14.754
    15.019
    15.114
    16.970
    17.264
    18.852
    19.074
    19.061
    17.888
    17.637
    16.191
    16.747
    16.962
    15.882
    14.917
    14.874
    15.340
    15.519
    17.012
    17.189
    20.536
    20.549
    20.015
    18.581
    17.843
    17.908
    16.902
    16.691
    14.684
    14.966
    15.002
    15.073
    16.389
    14.741
    15.683
    21.827
    21.916
    20.393
    20.050
    18.833
    18.090
    18.377
    17.105
    15.721
    15.303
    14.887
    13.699
    14.850
    14.966
    15.510
    23.536
    22.646
    21.355
    20.157
    19.457
    18.788
    17.713
    16.341
    14.571
    14.467
    13.750
    14.654
    15.183
    15.159
    15.286
    24.708
    23.591
    21.867
    20.283
    19.230
    18.397
    17.309
    14.982
    14.441
    14.297
    14.371
    15.050
    15.105
    15.063
    15.014
